# alpha_over_ac  K_primary  K_conv  kappa_primary  kappa_conv  delta
5.500683129723831807e-06 4.669348694877098183e+01 3.735474778407086660e+01 4.774626934341050233e-01 3.819697275789677993e-01 9.999972041860000216e-01
1.260036776309010793e-02 4.621566525366312561e+01 3.687692608896300328e+01 4.725767436274917466e-01 3.770837777723545226e-01 9.935809084810000025e-01
2.519523484305049091e-02 4.573872103641487286e+01 3.639998187171475763e+01 4.676997664414654921e-01 3.722068005863282680e-01 9.871348060329999674e-01
3.779010192301087562e-02 4.526266034331853660e+01 3.592392117861841427e+01 4.628318237021865622e-01 3.673388578470493382e-01 9.806583915879999447e-01
5.038496900297124992e-02 4.478748926212559667e+01 3.544875009742547434e+01 4.579729776597547541e-01 3.624800118046175301e-01 9.741511442269999987e-01
6.297983608293163116e-02 4.431321391697734668e+01 3.497447475227722435e+01 4.531232909363726025e-01 3.576303250812353784e-01 9.676125266070000341e-01
7.557470316289202628e-02 4.383984046639310606e+01 3.450110130169298372e+01 4.482828265057739459e-01 3.527898606506367218e-01 9.610419842030000215e-01
8.816957024285240752e-02 4.336737510708276488e+01 3.402863594238264255e+01 4.434516477322091310e-01 3.479586818770719070e-01 9.544389445890000268e-01
1.007644373228128026e-01 4.289582406524258573e+01 3.355708490054247051e+01 4.386298182814404312e-01 3.431368524263032072e-01 9.478028164999999783e-01
1.133593044027731839e-01 4.242519359922400923e+01 3.308645443452388690e+01 4.338174021480316056e-01 3.383244362928943816e-01 9.411329890030000200e-01
1.259541714827335512e-01 4.195548998492817816e+01 3.261675082022805583e+01 4.290144635060006428e-01 3.335214976508634188e-01 9.344288303709999965e-01
1.385490385626939325e-01 4.148671953640552346e+01 3.214798037170540113e+01 4.242210669194595440e-01 3.287281010643223200e-01 9.276896874009999960e-01
1.511439056426543415e-01 4.101888857954723022e+01 3.168014941484711144e+01 4.194372770735976808e-01 3.239443112184604567e-01 9.209148840040000117e-01
1.637387727226147227e-01 4.055200345884350810e+01 3.121326429414338932e+01 4.146631588437880156e-01 3.191701929886507916e-01 9.141037201989999916e-01
1.763336398025751039e-01 4.008607053073949089e+01 3.074733136603937211e+01 4.098987772276483366e-01 3.144058113725111125e-01 9.072554708450000227e-01
1.889285068825354574e-01 3.962109615687626274e+01 3.028235699217614041e+01 4.051441972759272647e-01 3.096512314207900407e-01 9.003693842929999525e-01
2.015233739624958664e-01 3.915708670130011626e+01 2.981834753659999748e+01 4.003994840639680808e-01 3.049065182088308568e-01 8.934446810130000083e-01
2.141182410424562754e-01 3.869404854060589827e+01 2.935530937590577594e+01 3.956647027954285356e-01 3.001717369402913116e-01 8.864805523280000488e-01
2.267131081224166289e-01 3.823198801737807884e+01 2.889324885267795651e+01 3.909399183261946797e-01 2.954469524710574557e-01 8.794761581990000465e-01
2.393079752023769824e-01 3.777091147014314743e+01 2.843217230544302510e+01 3.862251954706577006e-01 2.907322296155204766e-01 8.724306260490000131e-01
2.519028422823373914e-01 3.731082521743049085e+01 2.797208605273036852e+01 3.815205988387291303e-01 2.860276329835919062e-01 8.653430487890000355e-01
2.644977093622977726e-01 3.685173553074221076e+01 2.751299636604209553e+01 3.768261925594445505e-01 2.813332267043073265e-01 8.582124825400000434e-01
2.770925764422581539e-01 3.639364864737878946e+01 2.705490948267867424e+01 3.721420404121119074e-01 2.766490745569746834e-01 8.510379448310000372e-01
2.896874435222185351e-01 3.593657074478441871e+01 2.659783158008429993e+01 3.674682055639807987e-01 2.719752397088435747e-01 8.438184120549999667e-01
3.022823106021789163e-01 3.548050793839242090e+01 2.614176877369229857e+01 3.628047505482107082e-01 2.673117846930734842e-01 8.365528171260000478e-01
3.148771776821393531e-01 3.502546626538360641e+01 2.568672710068348408e+01 3.581517370977926884e-01 2.626587712426554644e-01 8.292400467380000029e-01
3.274720447620996788e-01 3.457145164936646609e+01 2.523271248466634376e+01 3.535092257843877595e-01 2.580162599292505354e-01 8.218789381150000128e-01
3.400669118420600601e-01 3.411846990816614067e+01 2.477973074346601834e+01 3.488772760979728660e-01 2.533843102428356420e-01 8.144682762360000439e-01
3.526617789220204413e-01 3.366652675648197146e+01 2.432778759178185624e+01 3.442559464740155284e-01 2.487629806188783321e-01 8.070067907589999479e-01
3.652566460019808781e-01 3.321562771066631825e+01 2.387688854596619947e+01 3.396452933197927626e-01 2.441523274646555386e-01 7.994931510649999629e-01
3.778515130819412038e-01 3.276577812814433344e+01 2.342703896344421821e+01 3.350453714174768671e-01 2.395524055623396709e-01 7.919259632189999953e-01
3.904463801619015850e-01 3.231698318659643121e+01 2.297824402189631599e+01 3.304562337112661452e-01 2.349632678561289212e-01 7.843037656419999948e-01
4.030412472418620218e-01 3.186924781640101756e+01 2.253050865170089878e+01 3.258779306165805467e-01 2.303849647614433227e-01 7.766250236289999886e-01
4.156361143218224030e-01 3.142257664167635411e+01 2.208383747697623889e+01 3.213105094171871956e-01 2.258175435620499993e-01 7.688881235840000494e-01
4.282309814017827843e-01 3.097697403665537763e+01 2.163823487195525885e+01 3.167540148416590484e-01 2.212610489865218244e-01 7.610913688149999468e-01
4.408258484817431100e-01 3.053244402584000383e+01 2.119370486113988861e+01 3.122084880424062514e-01 2.167155221872690551e-01 7.532329721620000251e-01
4.534207155617035467e-01 3.008899020085177156e+01 2.075025103615165278e+01 3.076739657454349852e-01 2.121809998902977890e-01 7.453110483139999687e-01
4.660155826416639280e-01 2.964661575910109548e+01 2.030787659440098025e+01 3.031504806457588908e-01 2.076575147906216945e-01 7.373236076789999593e-01
4.786104497216242537e-01 2.920532336712333787e+01 1.986658420242321554e+01 2.986380600099463045e-01 2.031450941548090805e-01 7.292685464500000547e-01
4.912053168015846349e-01 2.876511510098893254e+01 1.942637593628881376e+01 2.941367250667862865e-01 1.986437592116490625e-01 7.211436372299999675e-01
5.038001838815450162e-01 2.832599240231269278e+01 1.898725323761257755e+01 2.896464905574629434e-01 1.941535247023257471e-01 7.129465190749999515e-01
5.163950509615055084e-01 2.788795599607150066e+01 1.854921683137138544e+01 2.851673638952032519e-01 1.896743980400660556e-01 7.046746858519999934e-01
5.289899180414658897e-01 2.745100573684525003e+01 1.811226657214513480e+01 2.806993435930187353e-01 1.852063777378815390e-01 6.963254720910000417e-01
5.415847851214261599e-01 2.701514054795771003e+01 1.767640138325759125e+01 2.762424186413925398e-01 1.807494527862553158e-01 6.878960392709999594e-01
5.541796522013865411e-01 2.658035824694474414e+01 1.724161908224462536e+01 2.717965667236104110e-01 1.763036008684731870e-01 6.793833584520000413e-01
5.667745192813470334e-01 2.614665540831786572e+01 1.680791624361775050e+01 2.673617528124540565e-01 1.718687869573168603e-01 6.707841918770000023e-01
5.793693863613073036e-01 2.571402725801752709e+01 1.637528809331741186e+01 2.629379280909368566e-01 1.674449622357996603e-01 6.620950732589999665e-01
5.919642534412676849e-01 2.528246735262807476e+01 1.594372818792795954e+01 2.585250266721269008e-01 1.630320608169897045e-01 6.533122814820000457e-01
6.045591205212281771e-01 2.485196745163023024e+01 1.551322828693011147e+01 2.541229642928691801e-01 1.586299984377319561e-01 6.444318154589999681e-01
6.171539876011885584e-01 2.442251718203348787e+01 1.508377801733337265e+01 2.497316348844952349e-01 1.542386690293580387e-01 6.354493616869999473e-01
6.297488546811489396e-01 2.399410377097505176e+01 1.465536460627493298e+01 2.453509078385225362e-01 1.498579419833853121e-01 6.263602594999999607e-01
6.423437217611092098e-01 2.356671158961736623e+01 1.422797242491724568e+01 2.409806233427939648e-01 1.454876574876567408e-01 6.171594580220000070e-01
6.549385888410697021e-01 2.314032186842762684e+01 1.380158270372751161e+01 2.366205894700778578e-01 1.411276236149406615e-01 6.078414716350000191e-01
6.675334559210300833e-01 2.271491204541248266e+01 1.337617288071236565e+01 2.322705755134636396e-01 1.367776096583264434e-01 5.984003214669999515e-01
6.801283230009903535e-01 2.229045518494984179e+01 1.295171602024972479e+01 2.279303060436460582e-01 1.324373401885088619e-01 5.888294709260000204e-01
6.927231900809508458e-01 2.186691934195815179e+01 1.252818017725803479e+01 2.235994544072591461e-01 1.281064885521219221e-01 5.791217512409999602e-01
7.053180571609112270e-01 2.144426644186174968e+01 1.210552727716163091e+01 2.192776312739992961e-01 1.237846654188620860e-01 5.692692651599999820e-01
7.179129242408714973e-01 2.102245152533364347e+01 1.168371236063352470e+01 2.149643769137679628e-01 1.194714110586307526e-01 5.592632857129999913e-01
7.305077913208319895e-01 2.060142115979332900e+01 1.126268199509321022e+01 2.106591449534952754e-01 1.151661790983580652e-01 5.490941192830000039e-01
7.431026584007923708e-01 2.018111207099457616e+01 1.084237290629445738e+01 2.063612883844868073e-01 1.108683225293495833e-01 5.387509532659999767e-01
7.556975254807526410e-01 1.976144882483770360e+01 1.042270966013758482e+01 2.020700358578721711e-01 1.065770700027349610e-01 5.282216549910000447e-01
7.682923925607131332e-01 1.934234177971537960e+01 1.000360261501526260e+01 1.977844707463854712e-01 1.022915048912482611e-01 5.174925444639999483e-01
7.808872596406734035e-01 1.892368342061303466e+01 9.584944255912915878e+00 1.935034936588310717e-01 9.801052780369384765e-02 5.065480843599999838e-01
7.934821267206338957e-01 1.850534484004182190e+01 9.166605675341704895e+00 1.892257864559812597e-01 9.373282060084404954e-02 4.953705184000000150e-01
8.060769938005942770e-01 1.808716988983476881e+01 8.748430725134651809e+00 1.849497524499626178e-01 8.945678659482540762e-02 4.839393760069999884e-01
8.186718608805545472e-01 1.766896898882260913e+01 8.330229824122490356e+00 1.806734530848518872e-01 8.518048722971467701e-02 4.722308694819999930e-01
8.312667279605150394e-01 1.725050924665447027e+01 7.911770081954351497e+00 1.763945069481337724e-01 8.090154109299656227e-02 4.602170567259999956e-01
8.438615950404754207e-01 1.683150248968610541e+01 7.492763324985988405e+00 1.721099673298204791e-01 7.661700147468326894e-02 4.478647572769999807e-01
8.564564621204359129e-01 1.641158747069872703e+01 7.072848305998608254e+00 1.678161403085248471e-01 7.232317445338763695e-02 4.351340344719999975e-01
8.690513292003961832e-01 1.599030540099288089e+01 6.651566236292763001e+00 1.635083345557025725e-01 6.801536870056536233e-02 4.219760880280000181e-01
8.816461962803565644e-01 1.556706376023633176e+01 6.228324595536213870e+00 1.591804912744586020e-01 6.368752541932139188e-02 4.083301992899999733e-01
8.942410633603169456e-01 1.514108158822240568e+01 5.802342423522286907e+00 1.548246247822468169e-01 5.933165892710960676e-02 3.941191695949999851e-01
9.068359304402773269e-01 1.471130298125528668e+01 5.372563816555168792e+00 1.504299379710430651e-01 5.493697211590586188e-02 3.792422137299999996e-01
9.194307975202377081e-01 1.427625490172689204e+01 4.937515737026774154e+00 1.459813683439158960e-01 5.048840248877868586e-02 3.635633763530000118e-01
9.320256646001980894e-01 1.383379596189171501e+01 4.495056797191598008e+00 1.414570192118949632e-01 4.596405335675776693e-02 3.468913522929999993e-01
9.446205316801584706e-01 1.338063496583705714e+01 4.041895801136937472e+00 1.368232365609457490e-01 4.133027070580852502e-02 3.289413255940000225e-01
9.572153987601187408e-01 1.291130372566249562e+01 3.572564560962377733e+00 1.320241056180720685e-01 3.653113976293486526e-02 3.092544264120000164e-01
9.698102658400792331e-01 1.241555867701164928e+01 3.076819512311531835e+00 1.269548811575997582e-01 3.146191530246255502e-02 2.869966927540000268e-01
9.824051329200396143e-01 1.186973331273265231e+01 2.530994148032534419e+00 1.213735620999927128e-01 2.588059624485550617e-02 2.602983721189999766e-01
9.950000000000001066e-01 1.118213416825529549e+01 1.843395003555177158e+00 1.143425399815260063e-01 1.884957412638879615e-02 2.221442541810000060e-01
