# t_A  delta_phys  delta_sqrt  delta_bkt  delta_c
1.000000000000000021e-03 1.994038140280000038e-01 1.994038140280000038e-01 1.560417875624318744e-05 1.817956018219515357e-01
1.029324479312309975e-03 1.996653811549999880e-01 1.996601243904313483e-01 1.828966105914717777e-05 1.817956018219515357e-01
1.059508883711559029e-03 1.999309143620000007e-01 1.999201656825630447e-01 2.138852962096242144e-05 1.817956018219515357e-01
1.090578430053167156e-03 2.002004845370000119e-01 2.001839922129150240e-01 2.495634207697134603e-05 1.817956018219515357e-01
1.122559074663712683e-03 2.004741656179999942e-01 2.004516590805381915e-01 2.905491779397823403e-05 1.817956018219515357e-01
1.155477535025535617e-03 2.007520273149999979e-01 2.007232221865215271e-01 3.375288384301112658e-05 1.817956018219515357e-01
1.189361312097230762e-03 2.010339779639999935e-01 2.009987382456668858e-01 3.912624998207236640e-05 1.817956018219515357e-01
1.224238713288687769e-03 2.013202599939999948e-01 2.012782647983336060e-01 4.525901225739869052e-05 1.817956018219515357e-01
1.260138876109850739e-03 2.016109598609999998e-01 2.015618602224555911e-01 5.224378460701248615e-05 1.817956018219515357e-01
1.297091792512972781e-03 2.019059994590000073e-01 2.018495837457332520e-01 6.018245761448570729e-05 1.817956018219515357e-01
1.335128333948686508e-03 2.022055376899999923e-01 2.021414954580029733e-01 6.918688331533011208e-05 1.817956018219515357e-01
1.374280277156843559e-03 2.025097056600000112e-01 2.024376563237866300e-01 7.937958470502951111e-05 1.817956018219515357e-01
1.414580330713646273e-03 2.028183880030000052e-01 2.027381281950238201e-01 9.089448833831791780e-05 1.817956018219515357e-01
1.456062162357259085e-03 2.031318999560000060e-01 2.030429738239892812e-01 1.038776781459754454e-04 1.817956018219515357e-01
1.498760427114741818e-03 2.034500616419999963e-01 2.033522568763984628e-01 1.184881683303403159e-04 1.817956018219515357e-01
1.542710796253776761e-03 2.037731694730000043e-01 2.036660419447039738e-01 1.348986929361991108e-04 1.817956018219515357e-01
1.587949987083399350e-03 2.041011746470000054e-01 2.039843945615852083e-01 1.532965094321858657e-04 1.817956018219515357e-01
1.634515793628609241e-03 2.044341650460000104e-01 2.043073812136347589e-01 1.738842133816563291e-04 1.817956018219515357e-01
1.682447118204515295e-03 2.047723037779999866e-01 2.046350693552437261e-01 1.968805610338017714e-04 1.817956018219515357e-01
1.731784003916360826e-03 2.051155998539999914e-01 2.049675274226894772e-01 2.225212964279215896e-04 1.817956018219515357e-01
1.782567668112595288e-03 2.054640899550000122e-01 2.053048248484279636e-01 2.510599793788687310e-04 1.817956018219515357e-01
1.834840536818955516e-03 2.058179431640000112e-01 2.056470320755946768e-01 2.827688105020812219e-04 1.817956018219515357e-01
1.888646280182292416e-03 2.061772312400000084e-01 2.059942205727163522e-01 3.179394492446742230e-04 1.817956018219515357e-01
1.944029848953769159e-03 2.065420311660000063e-01 2.063464628486366692e-01 3.568838207170629460e-04 1.817956018219515357e-01
2.001037512041926869e-03 2.069124250330000025e-01 2.067038324676596373e-01 3.999349069696383455e-04 1.817956018219515357e-01
2.059716895166958418e-03 2.072884999329999978e-01 2.070664040649131121e-01 4.474475182329930452e-04 1.817956018219515357e-01
2.120117020648497157e-03 2.076703478730000108e-01 2.074342533619359386e-01 4.997990395399896533e-04 1.817956018219515357e-01
2.182288348360180222e-03 2.080580656969999997e-01 2.078074571824923000e-01 5.573901480750755857e-04 1.817956018219515357e-01
2.246282817885163294e-03 2.084517550299999911e-01 2.081860934686157460e-01 6.206454965519563093e-04 1.817956018219515357e-01
2.312153891907836167e-03 2.088515222279999917e-01 2.085702412968872821e-01 6.900143579063517697e-04 1.817956018219515357e-01
2.379956600877964484e-03 2.092574524109999945e-01 2.089599808949500481e-01 7.659712266066236045e-04 1.817956018219515357e-01
2.449747588984605828e-03 2.096695713249999982e-01 2.093553936582646102e-01 8.490163719325278168e-04 1.817956018219515357e-01
2.521585161478168309e-03 2.100880954430000003e-01 2.097565621671079461e-01 9.396763386511078819e-04 1.817956018219515357e-01
2.595529333380162517e-03 2.105131047090000040e-01 2.101635702038201492e-01 1.038504390629260482e-03 1.817956018219515357e-01
2.671641879621362500e-03 2.109446151540000092e-01 2.105765027703018211e-01 1.146080893064232217e-03 1.817956018219515357e-01
2.749986386650219924e-03 2.113828775190000064e-01 2.109954461057665098e-01 1.263013629185775859e-03 1.817956018219515357e-01
2.830628305554680913e-03 2.118278363370000028e-01 2.114204877047513587e-01 1.389938047486335678e-03 1.817956018219515357e-01
2.913635006741758116e-03 2.122797391400000067e-01 2.118517163353899335e-01 1.527517435767020929e-03 1.817956018219515357e-01
2.999075836220578811e-03 2.127386509679999871e-01 2.122892220579510603e-01 1.676443018546351421e-03 1.817956018219515357e-01
3.087022173535880574e-03 2.132046300690000062e-01 2.127330962436476958e-01 1.837433974663958344e-03 1.817956018219515357e-01
3.177547491400375436e-03 2.136778707429999868e-01 2.131834315937190805e-01 2.011237372220951464e-03 1.817956018219515357e-01
3.270727417075828050e-03 2.141584746029999986e-01 2.136403221587914181e-01 2.198628018330817547e-03 1.817956018219515357e-01
3.366639795554076438e-03 2.146465503090000115e-01 2.141038633585196083e-01 2.400408221506641730e-03 1.817956018219515357e-01
3.465364754590801160e-03 2.151422134019999877e-01 2.145741520015153891e-01 2.617407464880660856e-03 1.817956018219515357e-01
3.566984771646406968e-03 2.156455861669999974e-01 2.150512863055653867e-01 2.850481988837796996e-03 1.817956018219515357e-01
3.671584742789880257e-03 2.161567975149999987e-01 2.155353659181435400e-01 3.100514282042938011e-03 1.817956018219515357e-01
3.779252053623214681e-03 2.166759828819999900e-01 2.160264919372218428e-01 3.368412480250577903e-03 1.817956018219515357e-01
3.890076652285693465e-03 2.172032841519999924e-01 2.165247669323845381e-01 3.655109672701641055e-03 1.817956018219515357e-01
4.004151124598944941e-03 2.177388495889999998e-01 2.170302949662490377e-01 3.961563116332772819e-03 1.817956018219515357e-01
4.121570771415613427e-03 2.182827445789999876e-01 2.175431816161992327e-01 4.288753358446651016e-03 1.817956018219515357e-01
4.242433688236211392e-03 2.188351659399999927e-01 2.180635339964346053e-01 4.637683268913398577e-03 1.817956018219515357e-01
4.366840847160741168e-03 2.193962599969999927e-01 2.185914607803408072e-01 5.009376983392094598e-03 1.817956018219515357e-01
4.494896181243460305e-03 2.199661266990000086e-01 2.191270722231855039e-01 5.404878759472943849e-03 1.817956018219515357e-01
4.626706671321314905e-03 2.205449426609999986e-01 2.196704801851447897e-01 5.825251748044536944e-03 1.817956018219515357e-01
4.762382435388603542e-03 2.211328827909999906e-01 2.202217981546646108e-01 6.271576682582491458e-03 1.817956018219515357e-01
4.902036820592464011e-03 2.217300243610000055e-01 2.207811412721625011e-01 6.744950489433741356e-03 1.817956018219515357e-01
5.045786497926114424e-03 2.223365646590000078e-01 2.213486263540740406e-01 7.246484822533604681e-03 1.817956018219515357e-01
5.193751559698881783e-03 2.229526675029999960e-01 2.219243719172494800e-01 7.777304526336483587e-03 1.817956018219515357e-01
5.346055619864554381e-03 2.235784872609999918e-01 2.225084982037055514e-01 8.338546031065936781e-03 1.817956018219515357e-01
5.502825917291729804e-03 2.242141867790000131e-01 2.231011272057374928e-01 8.931355684691544977e-03 1.817956018219515357e-01
5.664193422062594602e-03 2.248599372450000022e-01 2.237023826913965285e-01 9.556888026320348173e-03 1.817956018219515357e-01
5.830292944888790414e-03 2.255158842080000059e-01 2.243123902303384154e-01 1.021630400594405325e-02 1.817956018219515357e-01
6.001263249735894027e-03 2.261821925459999993e-01 2.249312772200481036e-01 1.091076915571268999e-02 1.817956018219515357e-01
6.177247169750500408e-03 2.268590945199999986e-01 2.255591729124460376e-01 1.164145171810681417e-02 1.817956018219515357e-01
6.358391726586873696e-03 2.275466969240000081e-01 2.261962084408820906e-01 1.240952073655508282e-02 1.817956018219515357e-01
6.544848253232739277e-03 2.282452548449999952e-01 2.268425168475220743e-01 1.321614411418941745e-02 1.817956018219515357e-01
6.736772520436870929e-03 2.289548629819999903e-01 2.274982331111329581e-01 1.406248664654803637e-02 1.817956018219515357e-01
6.934324866844159344e-03 2.296757822849999908e-01 2.281634941752727908e-01 1.494970803412580887e-02 1.817956018219515357e-01
7.137670332946766984e-03 2.304081871900000023e-01 2.288384389768906846e-01 1.587896088073037504e-02 1.817956018219515357e-01
7.346978798963360417e-03 2.311522627220000126e-01 2.295232084753431878e-01 1.685138868363577833e-02 1.817956018219515357e-01
7.562425126761540724e-03 2.319082042700000013e-01 2.302179456818330694e-01 1.786812382152750539e-02 1.817956018219515357e-01
7.784189305942152207e-03 2.326762173960000013e-01 2.309227956892766498e-01 1.893028554621048465e-02 1.817956018219515357e-01
8.012456604207364094e-03 2.334565176679999909e-01 2.316379057026057564e-01 2.003897798399953412e-02 1.817956018219515357e-01
8.247417722138224161e-03 2.342493305249999935e-01 2.323634250695108816e-01 2.119528815263582722e-02 1.817956018219515357e-01
8.489268952511045199e-03 2.350547964589999872e-01 2.330995053116318716e-01 2.240028399947216822e-02 1.817956018219515357e-01
8.738212344285590030e-03 2.358732335919999923e-01 2.338463001562025023e-01 2.365501246654289416e-02 1.817956018219515357e-01
8.994455871402172800e-03 2.367047662750000059e-01 2.346039655681557701e-01 2.496049758798798285e-02 1.817956018219515357e-01
9.258213606528589018e-03 2.375496895539999931e-01 2.353726597826965306e-01 2.631773862513053092e-02 1.817956018219515357e-01
9.529705899902193855e-03 2.384082164530000048e-01 2.361525433383482864e-01 2.772770824431950235e-02 1.817956018219515357e-01
9.809159563416273292e-03 2.392805723750000002e-01 2.369437791104808677e-01 2.919135074243973602e-02 1.817956018219515357e-01
1.009680806010481921e-02 2.401669948390000031e-01 2.377465323453263057e-01 3.070958032477051625e-02 1.817956018219515357e-01
1.039289169918373307e-02 2.410677332560000052e-01 2.385609706944899489e-01 3.228327943963160696e-02 1.817956018219515357e-01
1.069765783681152389e-02 2.419830487390000062e-01 2.393872642499635384e-01 3.391329717400477783e-02 1.817956018219515357e-01
1.101136108273727786e-02 2.429131590370000038e-01 2.402255855796483486e-01 3.560044771405382336e-02 1.817956018219515357e-01
1.133426351300838818e-02 2.438583578909999938e-01 2.410761097633953298e-01 3.734550887419002541e-02 1.817956018219515357e-01
1.166663488891587185e-02 2.448188716499999917e-01 2.419390144295695544e-01 3.914922069804777083e-02 1.817956018219515357e-01
1.200875288236016337e-02 2.457950001089999892e-01 2.428144797921474307e-01 4.101228413444335530e-02 1.817956018219515357e-01
1.236090330782557527e-02 2.467870025139999868e-01 2.437026886883533749e-01 4.293535979109409928e-02 1.817956018219515357e-01
1.272338036115737599e-02 2.477951521310000071e-01 2.446038266168448216e-01 4.491906676857595343e-02 1.817956018219515357e-01
1.309648686534079301e-02 2.488197359740000059e-01 2.455180817764525958e-01 4.696398157669395140e-02 1.817956018219515357e-01
1.348053452348741722e-02 2.498610545609999956e-01 2.464456451054856112e-01 4.907063713513896974e-02 1.817956018219515357e-01
1.387584417924031012e-02 2.509193672650000262e-01 2.473867103216074725e-01 5.123952186000041431e-02 1.817956018219515357e-01
1.428274608481527874e-02 2.519950183410000211e-01 2.483414739622935574e-01 5.347107883740478268e-02 1.817956018219515357e-01
1.470158017690242729e-02 2.530882621889999906e-01 2.493101354258770996e-01 5.576570508525394848e-02 1.817956018219515357e-01
1.513269636065827511e-02 2.541994466420000043e-01 2.502928970131926834e-01 5.812375090374274911e-02 1.817956018219515357e-01
1.557645480202586585e-02 2.553288810470000225e-01 2.512899639698257248e-01 6.054551931505124801e-02 1.817956018219515357e-01
1.603322622862701080e-02 2.564768903749999884e-01 2.523015445289774061e-01 6.303126559232503923e-02 1.817956018219515357e-01
1.650339223947796738e-02 2.576437950470000238e-01 2.533278499549532214e-01 6.558119687778581064e-02 1.817956018219515357e-01
1.698734562378748439e-02 2.588299246190000069e-01 2.543690945872845166e-01 6.819547188955175920e-02 1.817956018219515357e-01
1.748549068910330850e-02 2.600356400109999910e-01 2.554254958854924595e-01 7.087420071649139230e-02 1.817956018219515357e-01
1.799824359908150373e-02 2.612612861670000064e-01 2.564972744745036004e-01 7.361744470019260245e-02 1.817956018219515357e-01
1.852603272116069497e-02 2.625072060890000225e-01 2.575846541907264031e-01 7.642521640289563767e-02 1.817956018219515357e-01
1.906929898443154858e-02 2.637737602960000260e-01 2.586878621287983515e-01 7.929747966001572668e-02 1.817956018219515357e-01
1.962849624800077145e-02 2.650613264730000140e-01 2.598071286890141218e-01 8.223414971567426235e-02 1.817956018219515357e-01
2.020409168015703527e-02 2.663702991560000233e-01 2.609426876254432592e-01 8.523509343945814831e-02 1.817956018219515357e-01
2.079656614865581232e-02 2.677010195849999774e-01 2.620947760947490157e-01 8.830012962244362940e-02 1.817956018219515357e-01
2.140641462244916374e-02 2.690539145170000035e-01 2.632636347057173976e-01 9.142902935034954992e-02 1.817956018219515357e-01
2.203414658519590313e-02 2.704293716689999960e-01 2.644495075695072472e-01 9.462151645152569457e-02 1.817956018219515357e-01
2.268028646089789366e-02 2.718277979909999864e-01 2.656526423506319623e-01 9.787726801733773185e-02 1.817956018219515357e-01
2.334537405201777063e-02 2.732496192680000102e-01 2.668732903186831207e-01 1.011959149923775253e-01 1.817956018219515357e-01
2.402996499044430037e-02 2.746952220139999845e-01 2.681117064008068374e-01 1.045770428318090889e-01 1.817956018219515357e-01
2.473463120168212931e-02 2.761650762419999849e-01 2.693681492349446760e-01 1.080201922230557138e-01 1.817956018219515357e-01
2.545996138265347111e-02 2.776596066049999978e-01 2.706428812238486636e-01 1.115248598689381199e-01 1.817956018219515357e-01
2.620656149351131489e-02 2.791792588420000110e-01 2.719361685898832870e-01 1.150904993292984069e-01 1.817956018219515357e-01
2.697505526387457622e-02 2.807244993190000093e-01 2.732482814306246843e-01 1.187165219180718462e-01 1.817956018219515357e-01
2.776608471390848432e-02 2.822957811819999940e-01 2.745794937752694120e-01 1.224022976527182338e-01 1.817956018219515357e-01
2.858031069068535032e-02 2.838935944970000236e-01 2.759300836418645542e-01 1.261471562528773405e-01 1.817956018219515357e-01
2.941841342027374379e-02 2.855184110080000170e-01 2.773003330953701107e-01 1.299503881850834486e-01 1.817956018219515357e-01
3.028109307601755534e-02 2.871707251649999737e-01 2.786905283065675976e-01 1.338112457503538577e-01 1.817956018219515357e-01
3.116907036347937865e-02 2.888510536169999754e-01 2.801009596118252398e-01 1.377289442114537354e-01 1.817956018219515357e-01
3.208308712253716416e-02 2.905598956489999773e-01 2.815319215737335234e-01 1.417026629566431328e-01 1.817956018219515357e-01
3.302390694713705499e-02 2.922977867659999895e-01 2.829837130426236524e-01 1.457315466967203654e-01 1.817956018219515357e-01
3.399231582322002204e-02 2.940652559649999942e-01 2.844566372189806236e-01 1.498147066921956261e-01 1.817956018219515357e-01
3.498912278535556281e-02 2.958628563299999792e-01 2.859510017167660179e-01 1.539512220074583659e-01 1.817956018219515357e-01
3.601516059263060870e-02 2.976911251639999811e-01 2.874671186276611667e-01 1.581401407888352040e-01 1.817956018219515357e-01
3.707128642435872368e-02 2.995506481069999949e-01 2.890053045862468473e-01 1.623804815634851961e-01 1.817956018219515357e-01
3.815838259619056677e-02 3.014419964989999978e-01 2.905658808361306633e-01 1.666712345561244257e-01 1.817956018219515357e-01
3.927735729722376529e-02 3.033657674610000243e-01 2.921491732970373789e-01 1.710113630206346880e-01 1.817956018219515357e-01
4.042914534872842774e-02 3.053225440819999914e-01 2.937555126328761368e-01 1.753998045836742126e-01 1.817956018219515357e-01
4.161470898512160260e-02 3.073129580130000149e-01 2.953852343207981068e-01 1.798354725974782020e-01 1.817956018219515357e-01
4.283503865784359793e-02 3.093376308490000115e-01 2.970386787212592195e-01 1.843172574991125134e-01 1.817956018219515357e-01
4.409115386280754861e-02 3.113972005530000198e-01 2.987161911491034161e-01 1.888440281735247750e-01 1.817956018219515357e-01
4.538410399211332408e-02 3.134923176419999735e-01 3.004181219456799057e-01 1.934146333178187738e-01 1.817956018219515357e-01
4.671496921073779729e-02 3.156236450100000090e-01 3.021448265520105814e-01 1.980279028042703504e-01 1.817956018219515357e-01
4.808486135893329239e-02 3.177918538649999736e-01 3.038966655830223074e-01 2.026826490396883285e-01 1.817956018219515357e-01
4.949492488108862137e-02 3.199976545750000123e-01 3.056740049028597861e-01 2.073776683188230385e-01 1.817956018219515357e-01
5.094633778182846434e-02 3.222417332429999837e-01 3.074772157012949370e-01 2.121117421696175620e-01 1.817956018219515357e-01
5.244031261014964196e-02 3.245248146949999968e-01 3.093066745712478860e-01 2.168836386881956291e-01 1.817956018219515357e-01
5.397809747241707340e-02 3.268476355919999743e-01 3.111627635874374409e-01 2.216921138615818021e-01 1.817956018219515357e-01
5.556097707506484074e-02 3.292109414470000273e-01 3.130458703861751513e-01 2.265359128762443053e-01 1.817956018219515357e-01
5.719027379787430115e-02 3.316155007189999782e-01 3.149563882463217168e-01 2.314137714106594690e-01 1.817956018219515357e-01
5.886734879872543985e-02 3.340620791469999795e-01 3.168947161714218419e-01 2.363244169101918757e-01 1.817956018219515357e-01
6.059360315074419079e-02 3.365514833639999814e-01 3.188612589730340785e-01 2.412665698426879335e-01 1.817956018219515357e-01
6.237047901279653417e-02 3.390845189660000036e-01 3.208564273552743096e-01 2.462389449332843538e-01 1.817956018219515357e-01
6.419946083430617956e-02 3.416620117349999930e-01 3.228806380005893040e-01 2.512402523770274620e-01 1.817956018219515357e-01
6.608207659540324408e-02 3.442848044240000016e-01 3.249343136567790502e-01 2.562691990280048793e-01 1.817956018219515357e-01
6.801989908343965274e-02 3.469537559249999958e-01 3.270178832252862433e-01 2.613244895637870102e-01 1.817956018219515357e-01
7.001454720693739420e-02 3.496697450110000105e-01 3.291317818507701887e-01 2.664048276240699176e-01 1.817956018219515357e-01
7.206768734806801024e-02 3.524336646999999823e-01 3.312764510119848849e-01 2.715089169225134991e-01 1.817956018219515357e-01
7.418103475479248532e-02 3.552464326659999783e-01 3.334523386139801038e-01 2.766354623308539540e-01 1.817956018219515357e-01
7.635635497382513293e-02 3.581089689129999809e-01 3.356598990816445083e-01 2.817831709344688629e-01 1.817956018219515357e-01
7.859546532561850762e-02 3.610222299290000159e-01 3.378995934546104030e-01 2.869507530586576372e-01 1.817956018219515357e-01
8.090023642260096848e-02 3.639871843329999801e-01 3.401718894835395468e-01 2.921369232649869141e-01 1.817956018219515357e-01
8.327259373193655889e-02 3.670048187680000074e-01 3.424772617278113440e-01 2.973404013171406790e-01 1.817956018219515357e-01
8.571451918411115978e-02 3.700761358049999838e-01 3.448161916546322869e-01 3.025599131157889476e-01 1.817956018219515357e-01
8.822805282869021493e-02 3.732021715589999844e-01 3.471891677395884113e-01 3.077941916020752178e-01 1.817956018219515357e-01
9.081529453863057544e-02 3.763839734070000276e-01 3.495966855686613584e-01 3.130419776293945633e-01 1.817956018219515357e-01
9.347840576456997730e-02 3.796226054349999823e-01 3.520392479417293607e-01 3.183020208032108500e-01 1.817956018219515357e-01
9.621961134056086773e-02 3.829191567820000031e-01 3.545173649775749669e-01 3.235730802887326063e-01 1.817956018219515357e-01
9.904120134275569420e-02 3.862747478169999971e-01 3.570315542204210990e-01 3.288539255863320854e-01 1.817956018219515357e-01
1.019455330025976492e-01 3.896905063619999776e-01 3.595823407480177591e-01 3.341433372746605568e-01 1.817956018219515357e-01
1.049350326761147312e-01 3.931675937949999922e-01 3.621702572813029208e-01 3.394401077214739826e-01 1.817956018219515357e-01
1.080121978709621400e-01 3.967071881270000100e-01 3.647958442956583669e-01 3.447430417622404097e-01 1.817956018219515357e-01
1.111795993329062898e-01 4.003104932479999989e-01 3.674596501337857868e-01 3.500509573466578095e-01 1.817956018219515357e-01
1.144398831934950039e-01 4.039787387120000184e-01 3.701622311202262816e-01 3.553626861532682146e-01 1.817956018219515357e-01
1.177957731807059288e-01 4.077131726920000254e-01 3.729041516775459808e-01 3.606770741723946405e-01 1.817956018219515357e-01
1.212500728944210793e-01 4.115150764080000023e-01 3.756859844442131391e-01 3.659929822576841740e-01 1.817956018219515357e-01
1.248056681486296032e-01 4.153857489209999976e-01 3.785083103941918603e-01 3.713092866465813047e-01 1.817956018219515357e-01
1.284655293823132316e-01 4.193265170430000022e-01 3.813717189582755962e-01 3.766248794500936525e-01 1.817956018219515357e-01
1.322327141410298279e-01 4.233387394670000137e-01 3.842768081471871211e-01 3.819386691122573785e-01 1.817956018219515357e-01
1.361103696312690459e-01 4.274237943020000041e-01 3.872241846764709061e-01 3.872495808397420358e-01 1.817956018219515357e-01
1.401017353497120421e-01 4.315830909110000002e-01 3.902144640932030395e-01 3.925565570020658201e-01 1.817956018219515357e-01
1.442101457895935412e-01 4.358180644779999779e-01 3.932482709045455049e-01 3.978585575029281451e-01 1.817956018219515357e-01
1.484390332264256540e-01 4.401301819289999973e-01 3.963262387081716298e-01 4.031545601231891207e-01 1.817956018219515357e-01
1.527919305854132659e-01 4.445209309359999805e-01 3.994490103245906809e-01 4.084435608360570402e-01 1.817956018219515357e-01
1.572724743929532765e-01 4.489918384750000158e-01 4.026172379313983640e-01 4.137245740950607487e-01 1.817956018219515357e-01
1.618844078146852161e-01 4.535444529579999995e-01 4.058315831994802059e-01 4.189966330954108531e-01 1.817956018219515357e-01
1.666315837826324864e-01 4.581803602419999843e-01 4.090927174312002368e-01 4.242587900093715003e-01 1.817956018219515357e-01
1.715179682140439144e-01 4.629011731820000253e-01 4.124013217005987331e-01 4.295101161962762149e-01 1.817956018219515357e-01
1.765476433246260524e-01 4.677085345259999749e-01 4.157580869956314373e-01 4.347497023878406086e-01 1.817956018219515357e-01
1.817248110389361182e-01 4.726041232859999885e-01 4.191637143624804551e-01 4.399766588494369302e-01 1.817956018219515357e-01
1.870537965007808279e-01 4.775896465209999997e-01 4.226189150519636950e-01 4.451901155180005842e-01 1.817956018219515357e-01
1.925390516865571888e-01 4.826668480440000075e-01 4.261244106680773802e-01 4.503892221172542953e-01 1.817956018219515357e-01
1.981851591245513966e-01 4.878375037039999751e-01 4.296809333186992208e-01 4.555731482509356445e-01 1.817956018219515357e-01
2.039968357233061524e-01 4.931034239359999849e-01 4.332892257684868853e-01 4.607410834747261430e-01 1.817956018219515357e-01
2.099789367122511519e-01 4.984664526620000147e-01 4.369500415940008042e-01 4.658922373475750667e-01 1.817956018219515357e-01
2.161364596978903874e-01 5.039284712099999508e-01 4.406641453410850562e-01 4.710258394631195444e-01 1.817956018219515357e-01
2.224745488389370807e-01 5.094913973169999943e-01 4.444323126845402538e-01 4.761411394619012860e-01 1.817956018219515357e-01
2.289984991438802076e-01 5.151571809420000259e-01 4.482553305901197938e-01 4.812374070250781122e-01 1.817956018219515357e-01
2.357137608945749363e-01 5.209278145300000329e-01 4.521339974788834981e-01 4.863139318503253428e-01 1.817956018219515357e-01
2.426259441995546606e-01 5.268053260010000516e-01 4.560691233939456746e-01 4.913700236106262609e-01 1.817956018219515357e-01
2.497408236808641435e-01 5.327917816639999860e-01 4.600615301696482362e-01 4.964050118966329417e-01 1.817956018219515357e-01
2.570643432983331644e-01 5.388892873249999660e-01 4.641120516031981280e-01 5.014182461432873383e-01 1.817956018219515357e-01
2.646026213153176432e-01 5.450999867289999523e-01 4.682215336288012009e-01 5.064090955413755868e-01 1.817956018219515357e-01
2.723619554100616402e-01 5.514260661419999598e-01 4.723908344943330562e-01 5.113769489346875474e-01 1.817956018219515357e-01
2.803488279369445446e-01 5.578697531080000216e-01 4.766208249405803343e-01 5.163212147034421662e-01 1.817956018219515357e-01
2.885699113420118200e-01 5.644333124970000171e-01 4.809123883830903612e-01 5.212413206346276917e-01 1.817956018219515357e-01
2.970320737373157161e-01 5.711190576729999746e-01 4.852664210966697311e-01 5.261367137799056737e-01 1.817956018219515357e-01
3.057423846387184452e-01 5.779293381640000504e-01 4.896838324025671874e-01 5.310068603017044087e-01 1.817956018219515357e-01
3.147081208719528789e-01 5.848665531579999577e-01 4.941655448583811006e-01 5.358512453081248905e-01 1.817956018219515357e-01
3.239367726518783686e-01 5.919331401930000292e-01 4.987124944507321800e-01 5.406693726772708875e-01 1.817956018219515357e-01
3.334360498400048001e-01 5.991315868950000123e-01 5.033256307907403304e-01 5.454607648715971147e-01 1.817956018219515357e-01
3.432138883855166966e-01 6.064644210949999836e-01 5.080059173123465666e-01 5.502249627428612566e-01 1.817956018219515357e-01
3.532784569551752352e-01 6.139342207379999694e-01 5.127543314735221180e-01 5.549615253282531580e-01 1.817956018219515357e-01
3.636381637576420189e-01 6.215436086550000239e-01 5.175718649604067467e-01 5.596700296382587370e-01 1.817956018219515357e-01
3.743016635679197734e-01 6.292952548789999545e-01 5.224595238944180764e-01 5.643500704368036303e-01 1.817956018219515357e-01
3.852778649577803805e-01 6.371918777149999658e-01 5.274183290423752890e-01 5.690012600142083654e-01 1.817956018219515357e-01
3.965759377382257478e-01 6.452362444800000540e-01 5.324493160296825955e-01 5.736232279534747569e-01 1.817956018219515357e-01
4.082053206201906592e-01 6.534311701120000260e-01 5.375535355566148921e-01 5.782156208904030148e-01 1.817956018219515357e-01
4.201757290998922589e-01 6.617795218399999957e-01 5.427320536177520083e-01 5.827781022680316170e-01 1.817956018219515357e-01
4.324971635754167876e-01 6.702842154400000529e-01 5.479859517246070677e-01 5.873103520858763416e-01 1.817956018219515357e-01
4.451799177013168185e-01 6.789482187180000405e-01 5.533163271314964771e-01 5.918120666444247613e-01 1.817956018219515357e-01
4.582345869882053502e-01 6.877745514299999918e-01 5.587242930646952876e-01 5.962829582853370614e-01 1.817956018219515357e-01
4.716720776545258453e-01 6.967662850900000482e-01 5.642109789549307752e-01 6.007227551277818378e-01 1.817956018219515357e-01
4.855036157379002404e-01 7.059265444029999559e-01 5.697775306732592027e-01 6.051312008013278732e-01 1.817956018219515357e-01
4.997407564736584540e-01 7.152585087780000128e-01 5.754251107703762802e-01 6.095080541757909032e-01 1.817956018219515357e-01
5.143953939483882909e-01 7.247654101899999590e-01 5.811548987194096183e-01 6.138530890884285052e-01 1.817956018219515357e-01
5.294797710365753973e-01 7.344505366519999967e-01 5.869680911622490171e-01 6.181660940688572525e-01 1.817956018219515357e-01
5.450064896286245242e-01 7.443172317080000155e-01 5.928659021594580025e-01 6.224468720620511819e-01 1.817956018219515357e-01
5.609885211588138132e-01 7.543688947550000190e-01 5.988495634438258941e-01 6.266952401497708491e-01 1.817956018219515357e-01
5.774392174419787915e-01 7.646089811849999807e-01 6.049203246776102549e-01 6.309110292707580392e-01 1.817956018219515357e-01
5.943723218279725051e-01 7.750410045229999545e-01 6.110794537135233462e-01 6.350940839400128768e-01 1.817956018219515357e-01
6.118019806832271090e-01 7.856685359339999897e-01 6.173282368595180980e-01 6.392442619674629789e-01 1.817956018219515357e-01
6.297427552090025804e-01 7.964952048450000266e-01 6.236679791474266654e-01 6.433614341763169708e-01 1.817956018219515357e-01
6.482096336062059816e-01 8.075246990400000158e-01 6.301000046055129644e-01 6.474454841213862499e-01 1.817956018219515357e-01
6.672180435969318202e-01 8.187607666239999915e-01 6.366256565349890373e-01 6.514963078076393410e-01 1.817956018219515357e-01
6.867838653131900228e-01 8.302072148260000173e-01 6.432462977905573087e-01 6.555138134092478586e-01 1.817956018219515357e-01
7.069234445635947939e-01 8.418679120069999522e-01 6.499633110650382406e-01 6.594979209893679917e-01 1.817956018219515357e-01
7.276536064890876121e-01 8.537467867019999934e-01 6.567780991781397848e-01 6.634485622208886602e-01 1.817956018219515357e-01
7.489916696191044609e-01 8.658478291210000011e-01 6.636920853694289191e-01 6.673656801083659440e-01 1.817956018219515357e-01
7.709554603399423334e-01 8.781750913839999617e-01 6.707067135955706583e-01 6.712492287113568379e-01 1.817956018219515357e-01
7.935633277873933578e-01 8.907326876969999807e-01 6.778234488318918283e-01 6.750991728693453986e-01 1.817956018219515357e-01
8.168341591761034692e-01 9.035247946869999769e-01 6.850437773783348838e-01 6.789154879284532429e-01 1.817956018219515357e-01
8.407873955784511688e-01 9.165556521529999445e-01 6.923692071698647199e-01 6.826981594701070355e-01 1.817956018219515357e-01
8.654430481661423702e-01 9.298295632020000534e-01 6.998012680913957562e-01 6.864471830418339415e-01 1.817956018219515357e-01
8.908217149280737157e-01 9.433508945199999829e-01 7.073415122973013558e-01 6.901625638903388094e-01 1.817956018219515357e-01
9.169445978784384055e-01 9.571240767540000194e-01 7.149915145355736357e-01 6.938443166970098552e-01 1.817956018219515357e-01
9.438335207694590334e-01 9.711536047269999639e-01 7.227528724767048329e-01 6.974924653159938481e-01 1.817956018219515357e-01
9.715109473235286064e-01 9.854440378200000072e-01 7.306272070473527336e-01 7.011070425149655838e-01 1.817956018219515357e-01
1.000000000000000000e+00 1.000000000000000000e+00 7.386161627688639930e-01 7.046880897187134396e-01 1.817956018219515357e-01
