# alpha_over_ac  K_primary  eta_sw  eta_sw  eta_sw
5.500683129723831807e-06 4.669348694877098183e+01 3.408504129633960818e-03 3.408504129633960818e-03 3.408504129633960818e-03
1.260036776309010793e-02 4.621566525366312561e+01 3.443744501314529270e-03 3.443744501314529270e-03 3.443744501314529270e-03
2.519523484305049091e-02 4.573872103641487286e+01 3.479654425955289697e-03 3.479654425955289697e-03 3.479654425955289697e-03
3.779010192301087562e-02 4.526266034331853660e+01 3.516252511114032701e-03 3.516252511114032701e-03 3.516252511114032701e-03
5.038496900297124992e-02 4.478748926212559667e+01 3.553558051901878692e-03 3.553558051901878692e-03 3.553558051901878692e-03
6.297983608293163116e-02 4.431321391697734668e+01 3.591591063335617014e-03 3.591591063335617014e-03 3.591591063335617014e-03
7.557470316289202628e-02 4.383984046639310606e+01 3.630372314285697927e-03 3.630372314285697927e-03 3.630372314285697927e-03
8.816957024285240752e-02 4.336737510708276488e+01 3.669923362871509165e-03 3.669923362871509165e-03 3.669923362871509165e-03
1.007644373228128026e-01 4.289582406524258573e+01 3.710266594944718749e-03 3.710266594944718749e-03 3.710266594944718749e-03
1.133593044027731839e-01 4.242519359922400923e+01 3.751425263850921652e-03 3.751425263850921652e-03 3.751425263850921652e-03
1.259541714827335512e-01 4.195548998492817816e+01 3.793423534061195635e-03 3.793423534061195635e-03 3.793423534061195635e-03
1.385490385626939325e-01 4.148671953640552346e+01 3.836286524226947825e-03 3.836286524226947825e-03 3.836286524226947825e-03
1.511439056426543415e-01 4.101888857954723022e+01 3.880040357096679014e-03 3.880040357096679014e-03 3.880040357096679014e-03
1.637387727226147227e-01 4.055200345884350810e+01 3.924712209433073654e-03 3.924712209433073654e-03 3.924712209433073654e-03
1.763336398025751039e-01 4.008607053073949089e+01 3.970330366251524114e-03 3.970330366251524114e-03 3.970330366251524114e-03
1.889285068825354574e-01 3.962109615687626274e+01 4.016924278463555875e-03 4.016924278463555875e-03 4.016924278463555875e-03
2.015233739624958664e-01 3.915708670130011626e+01 4.064524623753762965e-03 4.064524623753762965e-03 4.064524623753762965e-03
2.141182410424562754e-01 3.869404854060589827e+01 4.113163369939867343e-03 4.113163369939867343e-03 4.113163369939867343e-03
2.267131081224166289e-01 3.823198801737807884e+01 4.162873848452573050e-03 4.162873848452573050e-03 4.162873848452573050e-03
2.393079752023769824e-01 3.777091147014314743e+01 4.213690824424580657e-03 4.213690824424580657e-03 4.213690824424580657e-03
2.519028422823373914e-01 3.731082521743049085e+01 4.265650576325043415e-03 4.265650576325043415e-03 4.265650576325043415e-03
2.644977093622977726e-01 3.685173553074221076e+01 4.318790982289726424e-03 4.318790982289726424e-03 4.318790982289726424e-03
2.770925764422581539e-01 3.639364864737878946e+01 4.373151607687411277e-03 4.373151607687411277e-03 4.373151607687411277e-03
2.896874435222185351e-01 3.593657074478441871e+01 4.428773803215321075e-03 4.428773803215321075e-03 4.428773803215321075e-03
3.022823106021789163e-01 3.548050793839242090e+01 4.485700806996576785e-03 4.485700806996576785e-03 4.485700806996576785e-03
3.148771776821393531e-01 3.502546626538360641e+01 4.543977855597926968e-03 4.543977855597926968e-03 4.543977855597926968e-03
3.274720447620996788e-01 3.457145164936646609e+01 4.603652305552286342e-03 4.603652305552286342e-03 4.603652305552286342e-03
3.400669118420600601e-01 3.411846990816614067e+01 4.664773758034270433e-03 4.664773758034270433e-03 4.664773758034270433e-03
3.526617789220204413e-01 3.366652675648197146e+01 4.727394193143268086e-03 4.727394193143268086e-03 4.727394193143268086e-03
3.652566460019808781e-01 3.321562771066631825e+01 4.791568128058797463e-03 4.791568128058797463e-03 4.791568128058797463e-03
3.778515130819412038e-01 3.276577812814433344e+01 4.857352768167235227e-03 4.857352768167235227e-03 4.857352768167235227e-03
3.904463801619015850e-01 3.231698318659643121e+01 4.924808178193604974e-03 4.924808178193604974e-03 4.924808178193604974e-03
4.030412472418620218e-01 3.186924781640101756e+01 4.993997473953203960e-03 4.993997473953203960e-03 4.993997473953203960e-03
4.156361143218224030e-01 3.142257664167635411e+01 5.064987028492283147e-03 5.064987028492283147e-03 5.064987028492283147e-03
4.282309814017827843e-01 3.097697403665537763e+01 5.137846676165516539e-03 5.137846676165516539e-03 5.137846676165516539e-03
4.408258484817431100e-01 3.053244402584000383e+01 5.212649958752087892e-03 5.212649958752087892e-03 5.212649958752087892e-03
4.534207155617035467e-01 3.008899020085177156e+01 5.289474390117283702e-03 5.289474390117283702e-03 5.289474390117283702e-03
4.660155826416639280e-01 2.964661575910109548e+01 5.368401721975196716e-03 5.368401721975196716e-03 5.368401721975196716e-03
4.786104497216242537e-01 2.920532336712333787e+01 5.449518263888059391e-03 5.449518263888059391e-03 5.449518263888059391e-03
4.912053168015846349e-01 2.876511510098893254e+01 5.532915218073424998e-03 5.532915218073424998e-03 5.532915218073424998e-03
5.038001838815450162e-01 2.832599240231269278e+01 5.618689041196701060e-03 5.618689041196701060e-03 5.618689041196701060e-03
5.163950509615055084e-01 2.788795599607150066e+01 5.706941846663666357e-03 5.706941846663666357e-03 5.706941846663666357e-03
5.289899180414658897e-01 2.745100573684525003e+01 5.797781859710685569e-03 5.797781859710685569e-03 5.797781859710685569e-03
5.415847851214261599e-01 2.701514054795771003e+01 5.891323897033256228e-03 5.891323897033256228e-03 5.891323897033256228e-03
5.541796522013865411e-01 2.658035824694474414e+01 5.987689917993835494e-03 5.987689917993835494e-03 5.987689917993835494e-03
5.667745192813470334e-01 2.614665540831786572e+01 6.087009623466579575e-03 6.087009623466579575e-03 6.087009623466579575e-03
5.793693863613073036e-01 2.571402725801752709e+01 6.189421108366893222e-03 6.189421108366893222e-03 6.189421108366893222e-03
5.919642534412676849e-01 2.528246735262807476e+01 6.295071634903205704e-03 6.295071634903205704e-03 6.295071634903205704e-03
6.045591205212281771e-01 2.485196745163023024e+01 6.404118442600613588e-03 6.404118442600613588e-03 6.404118442600613588e-03
6.171539876011885584e-01 2.442251718203348787e+01 6.516729700940828568e-03 6.516729700940828568e-03 6.516729700940828568e-03
6.297488546811489396e-01 2.399410377097505176e+01 6.633085553477529803e-03 6.633085553477529803e-03 6.633085553477529803e-03
6.423437217611092098e-01 2.356671158961736623e+01 6.753379337065133943e-03 6.753379337065133943e-03 6.753379337065133943e-03
6.549385888410697021e-01 2.314032186842762684e+01 6.877818899703569411e-03 6.877818899703569411e-03 6.877818899703569411e-03
6.675334559210300833e-01 2.271491204541248266e+01 7.006628190930564749e-03 7.006628190930564749e-03 7.006628190930564749e-03
6.801283230009903535e-01 2.229045518494984179e+01 7.140049037641645752e-03 7.140049037641645752e-03 7.140049037641645752e-03
6.927231900809508458e-01 2.186691934195815179e+01 7.278343172305461184e-03 7.278343172305461184e-03 7.278343172305461184e-03
7.053180571609112270e-01 2.144426644186174968e+01 7.421794703184905057e-03 7.421794703184905057e-03 7.421794703184905057e-03
7.179129242408714973e-01 2.102245152533364347e+01 7.570712811495918480e-03 7.570712811495918480e-03 7.570712811495918480e-03
7.305077913208319895e-01 2.060142115979332900e+01 7.725435146314536122e-03 7.725435146314536122e-03 7.725435146314536122e-03
7.431026584007923708e-01 2.018111207099457616e+01 7.886331661605593124e-03 7.886331661605593124e-03 7.886331661605593124e-03
7.556975254807526410e-01 1.976144882483770360e+01 8.053809439916025797e-03 8.053809439916025797e-03 8.053809439916025797e-03
7.682923925607131332e-01 1.934234177971537960e+01 8.228318210094067234e-03 8.228318210094067234e-03 8.228318210094067234e-03
7.808872596406734035e-01 1.892368342061303466e+01 8.410357516260938762e-03 8.410357516260938762e-03 8.410357516260938762e-03
7.934821267206338957e-01 1.850534484004182190e+01 8.600485128356876938e-03 8.600485128356876938e-03 8.600485128356876938e-03
8.060769938005942770e-01 1.808716988983476881e+01 8.799328145933021234e-03 8.799328145933021234e-03 8.799328145933021234e-03
8.186718608805545472e-01 1.766896898882260913e+01 9.007596492618034564e-03 9.007596492618034564e-03 9.007596492618034564e-03
8.312667279605150394e-01 1.725050924665447027e+01 9.226101143811829206e-03 9.226101143811829206e-03 9.226101143811829206e-03
8.438615950404754207e-01 1.683150248968610541e+01 9.455777533195342324e-03 9.455777533195342324e-03 9.455777533195342324e-03
8.564564621204359129e-01 1.641158747069872703e+01 9.697717748270898164e-03 9.697717748270898164e-03 9.697717748270898164e-03
8.690513292003961832e-01 1.599030540099288089e+01 9.953214719839746996e-03 9.953214719839746996e-03 9.953214719839746996e-03
8.816461962803565644e-01 1.556706376023633176e+01 1.022382547815035847e-02 1.022382547815035847e-02 1.022382547815035847e-02
8.942410633603169456e-01 1.514108158822240568e+01 1.051146459812323485e-02 1.051146459812323485e-02 1.051146459812323485e-02
9.068359304402773269e-01 1.471130298125528668e+01 1.081854838383016978e-02 1.081854838383016978e-02 1.081854838383016978e-02
9.194307975202377081e-01 1.427625490172689204e+01 1.114822789222147913e-02 1.114822789222147913e-02 1.114822789222147913e-02
9.320256646001980894e-01 1.383379596189171501e+01 1.150479185397292395e-02 1.150479185397292395e-02 1.150479185397292395e-02
9.446205316801584706e-01 1.338063496583705714e+01 1.189442380710959216e-02 1.189442380710959216e-02 1.189442380710959216e-02
9.572153987601187408e-01 1.291130372566249562e+01 1.232679104090465480e-02 1.232679104090465480e-02 1.232679104090465480e-02
9.698102658400792331e-01 1.241555867701164928e+01 1.281899165654001686e-02 1.281899165654001686e-02 1.281899165654001686e-02
9.824051329200396143e-01 1.186973331273265231e+01 1.340846832010707257e-02 1.340846832010707257e-02 1.340846832010707257e-02
9.950000000000001066e-01 1.118213416825529549e+01 1.423296668570805251e-02 1.423296668570805251e-02 1.423296668570805251e-02
