# x  F
0.15000000  8.54634002
0.16200717  7.80868324
0.17401434  7.17537785
0.18602151  6.62605118
0.19802867  6.14529173
0.21003584  5.72122766
0.22204301  5.34456717
0.23405018  5.00793485
0.24605735  4.70540268
0.25806452  4.43215225
0.27007168  4.18422720
0.28207885  3.95834913
0.29408602  3.75177865
0.30609319  3.56220925
0.31810036  3.38768523
0.33010753  3.22653765
0.34211470  3.07733376
0.35412186  2.93883676
0.36612903  2.80997352
0.37813620  2.68980846
0.39014337  2.57752224
0.40215054  2.47239436
0.41415771  2.37378871
0.42616487  2.28114161
0.43817204  2.19395185
0.45017921  2.11177228
0.46218638  2.03420276
0.47419355  1.96088416
0.48620072  1.89149325
0.49820789  1.82573837
0.51021505  1.76335564
0.52222222  1.70410582
0.53422939  1.64777141
0.54623656  1.59415436
0.55824373  1.54307386
0.57025090  1.49436459
0.58225806  1.44787504
0.59426523  1.40346615
0.60627240  1.36101005
0.61827957  1.32038896
0.63028674  1.28149423
0.64229391  1.24422546
0.65430108  1.20848976
0.66630824  1.17420105
0.67831541  1.14127944
0.69032258  1.10965073
0.70232975  1.07924586
0.71433692  1.05000051
0.72634409  1.02185472
0.73835125  0.99475247
0.75035842  0.96864143
0.76236559  0.94347261
0.77437276  0.91920013
0.78637993  0.89578100
0.79838710  0.87317482
0.81039427  0.85134368
0.82240143  0.83025192
0.83440860  0.80986598
0.84641577  0.79015424
0.85842294  0.77108691
0.87043011  0.75263587
0.88243728  0.73477456
0.89444444  0.71747790
0.90645161  0.70072217
0.91845878  0.68448491
0.93046595  0.66874486
0.94247312  0.65348187
0.95448029  0.63867683
0.96648746  0.62431160
0.97849462  0.61036896
0.99050179  0.59683256
1.00250896  0.58368684
1.01451613  0.57091701
1.02652330  0.55850897
1.03853047  0.54644931
1.05053763  0.53472527
1.06254480  0.52332463
1.07455197  0.51223579
1.08655914  0.50144765
1.09856631  0.49094962
1.11057348  0.48073156
1.12258065  0.47078382
1.13458781  0.46109714
1.14659498  0.45166266
1.15860215  0.44247193
1.17060932  0.43351682
1.18261649  0.42478957
1.19462366  0.41628274
1.20663082  0.40798917
1.21863799  0.39990203
1.23064516  0.39201474
1.24265233  0.38432100
1.25465950  0.37681474
1.26666667  0.36949016
1.27867384  0.36234166
1.29068100  0.35536386
1.30268817  0.34855160
1.31469534  0.34189990
1.32670251  0.33540398
1.33870968  0.32905923
1.35071685  0.32286122
1.36272401  0.31680567
1.37473118  0.31088846
1.38673835  0.30510563
1.39874552  0.29945336
1.41075269  0.29392794
1.42275986  0.28852583
1.43476703  0.28324358
1.44677419  0.27807788
1.45878136  0.27302553
1.47078853  0.26808343
1.48279570  0.26324860
1.49480287  0.25851814
1.50681004  0.25388928
1.51881720  0.24935931
1.53082437  0.24492562
1.54283154  0.24058569
1.55483871  0.23633707
1.56684588  0.23217741
1.57885305  0.22810441
1.59086022  0.22411586
1.60286738  0.22020962
1.61487455  0.21638361
1.62688172  0.21263580
1.63888889  0.20896427
1.65089606  0.20536710
1.66290323  0.20184247
1.67491039  0.19838860
1.68691756  0.19500377
1.69892473  0.19168630
1.71093190  0.18843457
1.72293907  0.18524701
1.73494624  0.18212208
1.74695341  0.17905831
1.75896057  0.17605424
1.77096774  0.17310848
1.78297491  0.17021968
1.79498208  0.16738650
1.80698925  0.16460766
1.81899642  0.16188193
1.83100358  0.15920808
1.84301075  0.15658493
1.85501792  0.15401134
1.86702509  0.15148619
1.87903226  0.14900840
1.89103943  0.14657691
1.90304659  0.14419070
1.91505376  0.14184877
1.92706093  0.13955013
1.93906810  0.13729386
1.95107527  0.13507902
1.96308244  0.13290471
1.97508961  0.13077007
1.98709677  0.12867423
1.99910394  0.12661638
2.01111111  0.12459570
2.02311828  0.12261141
2.03512545  0.12066273
2.04713262  0.11874892
2.05913978  0.11686925
2.07114695  0.11502301
2.08315412  0.11320950
2.09516129  0.11142806
2.10716846  0.10967801
2.11917563  0.10795871
2.13118280  0.10626955
2.14318996  0.10460990
2.15519713  0.10297916
2.16720430  0.10137676
2.17921147  0.09980213
2.19121864  0.09825470
2.20322581  0.09673394
2.21523297  0.09523932
2.22724014  0.09377032
2.23924731  0.09232643
2.25125448  0.09090716
2.26326165  0.08951203
2.27526882  0.08814057
2.28727599  0.08679232
2.29928315  0.08546683
2.31129032  0.08416365
2.32329749  0.08288237
2.33530466  0.08162255
2.34731183  0.08038380
2.35931900  0.07916570
2.37132616  0.07796787
2.38333333  0.07678993
2.39534050  0.07563149
2.40734767  0.07449220
2.41935484  0.07337169
2.43136201  0.07226961
2.44336918  0.07118563
2.45537634  0.07011939
2.46738351  0.06907059
2.47939068  0.06803889
2.49139785  0.06702397
2.50340502  0.06602554
2.51541219  0.06504330
2.52741935  0.06407693
2.53942652  0.06312617
2.55143369  0.06219072
2.56344086  0.06127031
2.57544803  0.06036466
2.58745520  0.05947352
2.59946237  0.05859663
2.61146953  0.05773371
2.62347670  0.05688454
2.63548387  0.05604887
2.64749104  0.05522645
2.65949821  0.05441705
2.67150538  0.05362044
2.68351254  0.05283640
2.69551971  0.05206471
2.70752688  0.05130515
2.71953405  0.05055751
2.73154122  0.04982159
2.74354839  0.04909717
2.75555556  0.04838406
2.76756272  0.04768206
2.77956989  0.04699099
2.79157706  0.04631066
2.80358423  0.04564087
2.81559140  0.04498146
2.82759857  0.04433224
2.83960573  0.04369305
2.85161290  0.04306370
2.86362007  0.04244404
2.87562724  0.04183389
2.88763441  0.04123311
2.89964158  0.04064153
2.91164875  0.04005899
2.92365591  0.03948535
2.93566308  0.03892046
2.94767025  0.03836417
2.95967742  0.03781634
2.97168459  0.03727682
2.98369176  0.03674549
2.99569892  0.03622220
3.00770609  0.03570682
3.01971326  0.03519922
3.03172043  0.03469928
3.04372760  0.03420686
3.05573477  0.03372185
3.06774194  0.03324413
3.07974910  0.03277356
3.09175627  0.03231005
3.10376344  0.03185347
3.11577061  0.03140371
3.12777778  0.03096066
3.13978495  0.03052421
3.15179211  0.03009426
3.16379928  0.02967070
3.17580645  0.02925343
3.18781362  0.02884235
3.19982079  0.02843736
3.21182796  0.02803836
3.22383513  0.02764525
3.23584229  0.02725795
3.24784946  0.02687636
3.25985663  0.02650038
3.27186380  0.02612994
3.28387097  0.02576494
3.29587814  0.02540529
3.30788530  0.02505092
3.31989247  0.02470174
3.33189964  0.02435767
3.34390681  0.02401862
3.35591398  0.02368452
3.36792115  0.02335530
3.37992832  0.02303087
3.39193548  0.02271116
3.40394265  0.02239610
3.41594982  0.02208561
3.42795699  0.02177963
3.43996416  0.02147809
3.45197133  0.02118090
3.46397849  0.02088802
3.47598566  0.02059937
3.48799283  0.02031489
3.50000000  0.02003451
