# a_over_ac alpha delta_phys
0.00000000 0.00000000 1.0
0.00454338 0.00082597 0.997688843264
0.00908676 0.00165193 0.995373849004
0.01363014 0.00247790 0.993054994174
0.01817352 0.00330387 0.990732255499
0.02271689 0.00412983 0.988405609426
0.02726027 0.00495580 0.986075032156
0.03180365 0.00578176 0.983740499634
0.03634703 0.00660773 0.981401987506
0.04089041 0.00743370 0.979059471179
0.04543379 0.00825966 0.976712925778
0.04997717 0.00908563 0.974362326141
0.05452055 0.00991160 0.972007646809
0.05906393 0.01073756 0.969648862039
0.06360731 0.01156353 0.967285945813
0.06815068 0.01238949 0.964918871798
0.07269406 0.01321546 0.962547613357
0.07723744 0.01404143 0.960172143544
0.08178082 0.01486739 0.957792435097
0.08632420 0.01569336 0.955408460438
0.09086758 0.01651933 0.953020191661
0.09541096 0.01734529 0.950627600533
0.09995434 0.01817126 0.948230658434
0.10449772 0.01899723 0.945829336482
0.10904110 0.01982319 0.943423605425
0.11358447 0.02064916 0.941013435654
0.11812785 0.02147512 0.938598797121
0.12267123 0.02230109 0.936179659512
0.12721461 0.02312706 0.933755992167
0.13175799 0.02395302 0.931327763839
0.13630137 0.02477899 0.928894943186
0.14084475 0.02560496 0.926457498215
0.14538813 0.02643092 0.924015396733
0.14993151 0.02725689 0.921568605933
0.15447489 0.02808285 0.919117092853
0.15901826 0.02890882 0.916660823785
0.16356164 0.02973479 0.91419976488
0.16810502 0.03056075 0.911733881754
0.17264840 0.03138672 0.909263139474
0.17719178 0.03221269 0.90678750272
0.18173516 0.03303865 0.904306935784
0.18627854 0.03386462 0.901821402409
0.19082192 0.03469059 0.899330865858
0.19536530 0.03551655 0.896835288903
0.19990868 0.03634252 0.894334633817
0.20445205 0.03716848 0.891828862368
0.20899543 0.03799445 0.889317935804
0.21353881 0.03882042 0.886801814849
0.21808219 0.03964638 0.884280459688
0.22262557 0.04047235 0.881753829963
0.22716895 0.04129832 0.879221884558
0.23171233 0.04212428 0.876684582112
0.23625571 0.04295025 0.874141880585
0.24079909 0.04377621 0.871593737084
0.24534247 0.04460218 0.86904010841
0.24988584 0.04542815 0.866480950661
0.25442922 0.04625411 0.863916219118
0.25897260 0.04708008 0.861345868712
0.26351598 0.04790605 0.858769853495
0.26805936 0.04873201 0.856188126808
0.27260274 0.04955798 0.853600641599
0.27714612 0.05038395 0.851007349801
0.28168950 0.05120991 0.84840820258
0.28623288 0.05203588 0.845803150706
0.29077626 0.05286184 0.84319214398
0.29531963 0.05368781 0.840575131439
0.29986301 0.05451378 0.837952061342
0.30440639 0.05533974 0.835322881147
0.30894977 0.05616571 0.832687537504
0.31349315 0.05699168 0.830045976229
0.31803653 0.05781764 0.827398142293
0.32257991 0.05864361 0.824743979727
0.32712329 0.05946957 0.822083431471
0.33166667 0.06029554 0.819416440097
0.33621005 0.06112151 0.8167429469
0.34075342 0.06194747 0.814062891806
0.34529680 0.06277344 0.811376214785
0.34984018 0.06359941 0.808682853438
0.35438356 0.06442537 0.805982745755
0.35892694 0.06525134 0.803275827529
0.36347032 0.06607731 0.800562034017
0.36801370 0.06690327 0.797841299421
0.37255708 0.06772924 0.795113556577
0.37710046 0.06855520 0.792378737111
0.38164384 0.06938117 0.789636771499
0.38618721 0.07020714 0.786887589201
0.39073059 0.07103310 0.784131118266
0.39527397 0.07185907 0.781367285341
0.39981735 0.07268504 0.778596015807
0.40436073 0.07351100 0.775817233889
0.40890411 0.07433697 0.773030862358
0.41344749 0.07516294 0.770236822346
0.41799087 0.07598890 0.767435033329
0.42253425 0.07681487 0.764625414291
0.42707763 0.07764083 0.761807880928
0.43162100 0.07846680 0.758982349358
0.43616438 0.07929277 0.756148732449
0.44070776 0.08011873 0.753306942106
0.44525114 0.08094470 0.750456888623
0.44979452 0.08177067 0.747598480203
0.45433790 0.08259663 0.744731623245
0.45888128 0.08342260 0.741856222295
0.46342466 0.08424856 0.738972180003
0.46796804 0.08507453 0.736079397063
0.47251142 0.08590050 0.733177772168
0.47705479 0.08672646 0.730267201948
0.48159817 0.08755243 0.727347580266
0.48614155 0.08837840 0.724418799462
0.49068493 0.08920436 0.721480749536
0.49522831 0.09003033 0.718533317416
0.49977169 0.09085630 0.715576388306
0.50431507 0.09168226 0.712609844869
0.50885845 0.09250823 0.709633566494
0.51340183 0.09333419 0.7066474302
0.51794521 0.09416016 0.703651310632
0.52248858 0.09498613 0.700645079225
0.52703196 0.09581209 0.697628604516
0.53157534 0.09663806 0.694601751373
0.53611872 0.09746403 0.691564382517
0.54066210 0.09828999 0.688516357323
0.54520548 0.09911596 0.685457530478
0.54974886 0.09994192 0.682387755031
0.55429224 0.10076789 0.679306878394
0.55883562 0.10159386 0.676214746266
0.56337900 0.10241982 0.673111199205
0.56792237 0.10324579 0.669996073824
0.57246575 0.10407176 0.666869202656
0.57700913 0.10489772 0.663730414017
0.58155251 0.10572369 0.660579531862
0.58609589 0.10654966 0.657416375636
0.59063927 0.10737562 0.654240759757
0.59518265 0.10820159 0.651052492465
0.59972603 0.10902755 0.647851379243
0.60426941 0.10985352 0.644637218125
0.60881279 0.11067949 0.641409801752
0.61335616 0.11150545 0.638168917992
0.61789954 0.11233142 0.634914347841
0.62244292 0.11315739 0.631645866126
0.62698630 0.11398335 0.628363240744
0.63152968 0.11480932 0.625066232423
0.63607306 0.11563528 0.621754596881
0.64061644 0.11646125 0.618428078386
0.64515982 0.11728722 0.615086417596
0.64970320 0.11811318 0.611729344521
0.65424658 0.11893915 0.608356580854
0.65878995 0.11976512 0.604967839625
0.66333333 0.12059108 0.601562824834
0.66787671 0.12141705 0.598141231074
0.67242009 0.12224302 0.594702740533
0.67696347 0.12306898 0.591247028208
0.68150685 0.12389495 0.587773753505
0.68605023 0.12472091 0.58428256776
0.69059361 0.12554688 0.580773108443
0.69513699 0.12637285 0.577244999924
0.69968037 0.12719881 0.573697851458
0.70422374 0.12802478 0.57013126202
0.70876712 0.12885075 0.566544809549
0.71331050 0.12967671 0.562938061179
0.71785388 0.13050268 0.559310564388
0.72239726 0.13132864 0.555661849431
0.72694064 0.13215461 0.551991427816
0.73148402 0.13298058 0.548298788983
0.73602740 0.13380654 0.544583405229
0.74057078 0.13463251 0.540844723495
0.74511416 0.13545848 0.537082167126
0.74965753 0.13628444 0.533295135226
0.75420091 0.13711041 0.529482999858
0.75874429 0.13793638 0.525645102866
0.76328767 0.13876234 0.521780757188
0.76783105 0.13958831 0.517889243782
0.77237443 0.14041427 0.513969806172
0.77691781 0.14124024 0.510021654116
0.78146119 0.14206621 0.506043954311
0.78600457 0.14289217 0.502035833685
0.79054795 0.14371814 0.497996372141
0.79509132 0.14454411 0.493924596578
0.79963470 0.14537007 0.489819487721
0.80417808 0.14619604 0.485679964043
0.80872146 0.14702200 0.481504884579
0.81326484 0.14784797 0.477293035341
0.81780822 0.14867394 0.473043138005
0.82235160 0.14949990 0.468753830916
0.82689498 0.15032587 0.464423661063
0.83143836 0.15115184 0.460051090669
0.83598174 0.15197780 0.455634473807
0.84052511 0.15280377 0.451172046898
0.84506849 0.15362974 0.446661930859
0.84961187 0.15445570 0.442102103175
0.85415525 0.15528167 0.437490390787
0.85869863 0.15610763 0.432824449353
0.86324201 0.15693360 0.428101754624
0.86778539 0.15775957 0.423319563373
0.87232877 0.15858553 0.418474905884
0.87687215 0.15941150 0.41356454051
0.88141553 0.16023747 0.4085849343
0.88595890 0.16106343 0.40353221091
0.89050228 0.16188940 0.398402108909
0.89504566 0.16271536 0.393189922824
0.89958904 0.16354133 0.387890442811
0.90413242 0.16436730 0.382497858411
0.90867580 0.16519326 0.377005671395
0.91321918 0.16601923 0.371406570914
0.91776256 0.16684520 0.365692287191
0.92230594 0.16767116 0.359853397
0.92684932 0.16849713 0.353879082349
0.93139269 0.16932310 0.347756827096
0.93593607 0.17014906 0.341472021341
0.94047945 0.17097503 0.335007436304
0.94502283 0.17180099 0.328342479564
0.94956621 0.17262696 0.321452248605
0.95410959 0.17345293 0.314306099322
0.95865297 0.17427889 0.3068656208
0.96319635 0.17510486 0.299081519433
0.96773973 0.17593083 0.290888809155
0.97228311 0.17675679 0.282198625426
0.97682648 0.17758276 0.272883893253
0.98136986 0.17840872 0.26275114335
0.98591324 0.17923469 0.251478620059
0.99045662 0.18006066 0.238451157967
0.99500000 0.18088662 0.222144254181
