# a_over_ac alpha delta_unst
0.33166667 0.06029554 1.681696e-06
0.33621005 0.06112151 7.476839e-06
0.34075342 0.06194747 1.3117379e-05
0.34529680 0.06277344 1.8609423e-05
0.34984018 0.06359941 2.3958759e-05
0.35438356 0.06442537 2.9170877e-05
0.35892694 0.06525134 3.4250991e-05
0.36347032 0.06607731 3.9204052e-05
0.36801370 0.06690327 4.4034768e-05
0.37255708 0.06772924 4.8747616e-05
0.37710046 0.06855520 5.334686e-05
0.38164384 0.06938117 5.7836556e-05
0.38618721 0.07020714 6.2220574e-05
0.39073059 0.07103310 6.6502601e-05
0.39527397 0.07185907 7.0686154e-05
0.39981735 0.07268504 7.4774594e-05
0.40436073 0.07351100 7.8771126e-05
0.40890411 0.07433697 8.2678815e-05
0.41344749 0.07516294 8.6500591e-05
0.41799087 0.07598890 9.0239258e-05
0.42253425 0.07681487 9.3897495e-05
0.42707763 0.07764083 9.7477872e-05
0.43162100 0.07846680 0.000100982848
0.43616438 0.07929277 0.000104414779
0.44070776 0.08011873 0.000107775926
0.44525114 0.08094470 0.000111068457
0.44979452 0.08177067 0.00011429445
0.45433790 0.08259663 0.000117455904
0.45888128 0.08342260 0.000120554735
0.46342466 0.08424856 0.000123592786
0.46796804 0.08507453 0.000130020928
0.47251142 0.08590050 0.000150561435
0.47705479 0.08672646 0.000170709875
0.48159817 0.08755243 0.000190477366
0.48614155 0.08837840 0.000209874612
0.49068493 0.08920436 0.000228911917
0.49522831 0.09003033 0.000247599209
0.49977169 0.09085630 0.000276523599
0.50431507 0.09168226 0.000307288203
0.50885845 0.09250823 0.000337501596
0.51340183 0.09333419 0.000367178461
0.51794521 0.09416016 0.000404668677
0.52248858 0.09498613 0.000445057114
0.52703196 0.09581209 0.000484746019
0.53157534 0.09663806 0.000530357381
0.53611872 0.09746403 0.000579828332
0.54066210 0.09828999 0.000629017568
0.54520548 0.09911596 0.000687599196
0.54974886 0.09994192 0.000745205834
0.55429224 0.10076789 0.000811218423
0.55883562 0.10159386 0.000877383884
0.56337900 0.10241982 0.000952392678
0.56792237 0.10324579 0.001029589954
0.57246575 0.10407176 0.001112004096
0.57700913 0.10489772 0.001201102521
0.58155251 0.10572369 0.001294641269
0.58609589 0.10654966 0.001393492996
0.59063927 0.10737562 0.001498541223
0.59518265 0.10820159 0.001610876913
0.59972603 0.10902755 0.001729478876
0.60426941 0.10985352 0.001854748935
0.60881279 0.11067949 0.001986996928
0.61335616 0.11150545 0.00212648859
0.61789954 0.11233142 0.002274619542
0.62244292 0.11315739 0.002430557045
0.62698630 0.11398335 0.002594357702
0.63152968 0.11480932 0.002766770129
0.63607306 0.11563528 0.002948826603
0.64061644 0.11646125 0.00313946034
0.64515982 0.11728722 0.003340474767
0.64970320 0.11811318 0.003551344924
0.65424658 0.11893915 0.003772352762
0.65878995 0.11976512 0.0040041635
0.66333333 0.12059108 0.004247425143
0.66787671 0.12141705 0.004502239695
0.67242009 0.12224302 0.004769286969
0.67696347 0.12306898 0.00504873391
0.68150685 0.12389495 0.005340798886
0.68605023 0.12472091 0.005646113345
0.69059361 0.12554688 0.00596538878
0.69513699 0.12637285 0.006298826823
0.69968037 0.12719881 0.006646810884
0.70422374 0.12802478 0.007010045518
0.70876712 0.12885075 0.007389117703
0.71331050 0.12967671 0.007784515956
0.71785388 0.13050268 0.008196645694
0.72239726 0.13132864 0.008625841734
0.72694064 0.13215461 0.009073450395
0.73148402 0.13298058 0.009539336812
0.73602740 0.13380654 0.01002436548
0.74057078 0.13463251 0.010529274349
0.74511416 0.13545848 0.011054693962
0.74965753 0.13628444 0.011601163066
0.75420091 0.13711041 0.012169632247
0.75874429 0.13793638 0.012760581463
0.76328767 0.13876234 0.013375011729
0.76783105 0.13958831 0.014013756296
0.77237443 0.14041427 0.014677599959
0.77691781 0.14124024 0.015367192542
0.78146119 0.14206621 0.016083838151
0.78600457 0.14289217 0.016828222401
0.79054795 0.14371814 0.017601388438
0.79509132 0.14454411 0.018404486039
0.79963470 0.14537007 0.019238523931
0.80417808 0.14619604 0.020104778717
0.80872146 0.14702200 0.02100433634
0.81326484 0.14784797 0.021938707092
0.81780822 0.14867394 0.022908988816
0.82235160 0.14949990 0.023916775973
0.82689498 0.15032587 0.024963548233
0.83143836 0.15115184 0.026050954341
0.83598174 0.15197780 0.027180693516
0.84052511 0.15280377 0.028354572421
0.84506849 0.15362974 0.02957465617
0.84961187 0.15445570 0.030842922146
0.85415525 0.15528167 0.032161683661
0.85869863 0.15610763 0.033533329778
0.86324201 0.15693360 0.034960479206
0.86778539 0.15775957 0.036445928867
0.87232877 0.15858553 0.037992664575
0.87687215 0.15941150 0.039604123225
0.88141553 0.16023747 0.041283825942
0.88595890 0.16106343 0.043035712856
0.89050228 0.16188940 0.044864092783
0.89504566 0.16271536 0.046773807078
0.89958904 0.16354133 0.048770071134
0.90413242 0.16436730 0.050858776272
0.90867580 0.16519326 0.053046506617
0.91321918 0.16601923 0.055340575223
0.91776256 0.16684520 0.05774931344
0.92230594 0.16767116 0.060282314184
0.92684932 0.16849713 0.062950349988
0.93139269 0.16932310 0.06576597982
0.93593607 0.17014906 0.068743923895
0.94047945 0.17097503 0.071901488987
0.94502283 0.17180099 0.075259239607
0.94956621 0.17262696 0.078842223875
0.95410959 0.17345293 0.082681077967
0.95865297 0.17427889 0.086814277739
0.96319635 0.17510486 0.091291153258
0.96773973 0.17593083 0.096176778705
0.97228311 0.17675679 0.101560033259
0.97682648 0.17758276 0.107568069416
0.98136986 0.17840872 0.114394362533
0.98591324 0.17923469 0.122360748143
0.99045662 0.18006066 0.132082462319
0.99500000 0.18088662 0.145084023051
