# a_over_ac  alpha  delta_phys  delta_unst
0.00000000  0.00000000  1.0  nan
0.00454338  0.00082597  0.997688843264  nan
0.00908676  0.00165193  0.995373849004  nan
0.01363014  0.00247790  0.993054994174  nan
0.01817352  0.00330387  0.990732255499  nan
0.02271689  0.00412983  0.988405609426  nan
0.02726027  0.00495580  0.986075032156  nan
0.03180365  0.00578176  0.983740499634  nan
0.03634703  0.00660773  0.981401987506  nan
0.04089041  0.00743370  0.979059471179  nan
0.04543379  0.00825966  0.976712925778  nan
0.04997717  0.00908563  0.974362326141  nan
0.05452055  0.00991160  0.972007646809  nan
0.05906393  0.01073756  0.969648862039  nan
0.06360731  0.01156353  0.967285945813  nan
0.06815068  0.01238949  0.964918871798  nan
0.07269406  0.01321546  0.962547613357  nan
0.07723744  0.01404143  0.960172143544  nan
0.08178082  0.01486739  0.957792435097  nan
0.08632420  0.01569336  0.955408460438  nan
0.09086758  0.01651933  0.953020191661  nan
0.09541096  0.01734529  0.950627600533  nan
0.09995434  0.01817126  0.948230658434  nan
0.10449772  0.01899723  0.945829336482  nan
0.10904110  0.01982319  0.943423605425  nan
0.11358447  0.02064916  0.941013435654  nan
0.11812785  0.02147512  0.938598797121  nan
0.12267123  0.02230109  0.936179659512  nan
0.12721461  0.02312706  0.933755992167  nan
0.13175799  0.02395302  0.931327763839  nan
0.13630137  0.02477899  0.928894943186  nan
0.14084475  0.02560496  0.926457498215  nan
0.14538813  0.02643092  0.924015396733  nan
0.14993151  0.02725689  0.921568605933  nan
0.15447489  0.02808285  0.919117092853  nan
0.15901826  0.02890882  0.916660823785  nan
0.16356164  0.02973479  0.91419976488  nan
0.16810502  0.03056075  0.911733881754  nan
0.17264840  0.03138672  0.909263139474  nan
0.17719178  0.03221269  0.90678750272  nan
0.18173516  0.03303865  0.904306935784  nan
0.18627854  0.03386462  0.901821402409  nan
0.19082192  0.03469059  0.899330865858  nan
0.19536530  0.03551655  0.896835288903  nan
0.19990868  0.03634252  0.894334633817  nan
0.20445205  0.03716848  0.891828862368  nan
0.20899543  0.03799445  0.889317935804  nan
0.21353881  0.03882042  0.886801814849  nan
0.21808219  0.03964638  0.884280459688  nan
0.22262557  0.04047235  0.881753829963  nan
0.22716895  0.04129832  0.879221884558  nan
0.23171233  0.04212428  0.876684582112  nan
0.23625571  0.04295025  0.874141880585  nan
0.24079909  0.04377621  0.871593737084  nan
0.24534247  0.04460218  0.86904010841  nan
0.24988584  0.04542815  0.866480950661  nan
0.25442922  0.04625411  0.863916219118  nan
0.25897260  0.04708008  0.861345868712  nan
0.26351598  0.04790605  0.858769853495  nan
0.26805936  0.04873201  0.856188126808  nan
0.27260274  0.04955798  0.853600641599  nan
0.27714612  0.05038395  0.851007349801  nan
0.28168950  0.05120991  0.84840820258  nan
0.28623288  0.05203588  0.845803150706  nan
0.29077626  0.05286184  0.84319214398  nan
0.29531963  0.05368781  0.840575131439  nan
0.29986301  0.05451378  0.837952061342  nan
0.30440639  0.05533974  0.835322881147  nan
0.30894977  0.05616571  0.832687537504  nan
0.31349315  0.05699168  0.830045976229  nan
0.31803653  0.05781764  0.827398142293  nan
0.32257991  0.05864361  0.824743979727  nan
0.32712329  0.05946957  0.822083431471  nan
0.33166667  0.06029554  0.819416440097  1.681696e-06
0.33621005  0.06112151  0.8167429469  7.476839e-06
0.34075342  0.06194747  0.814062891806  1.3117379e-05
0.34529680  0.06277344  0.811376214785  1.8609423e-05
0.34984018  0.06359941  0.808682853438  2.3958759e-05
0.35438356  0.06442537  0.805982745755  2.9170877e-05
0.35892694  0.06525134  0.803275827529  3.4250991e-05
0.36347032  0.06607731  0.800562034017  3.9204052e-05
0.36801370  0.06690327  0.797841299421  4.4034768e-05
0.37255708  0.06772924  0.795113556577  4.8747616e-05
0.37710046  0.06855520  0.792378737111  5.334686e-05
0.38164384  0.06938117  0.789636771499  5.7836556e-05
0.38618721  0.07020714  0.786887589201  6.2220574e-05
0.39073059  0.07103310  0.784131118266  6.6502601e-05
0.39527397  0.07185907  0.781367285341  7.0686154e-05
0.39981735  0.07268504  0.778596015807  7.4774594e-05
0.40436073  0.07351100  0.775817233889  7.8771126e-05
0.40890411  0.07433697  0.773030862358  8.2678815e-05
0.41344749  0.07516294  0.770236822346  8.6500591e-05
0.41799087  0.07598890  0.767435033329  9.0239258e-05
0.42253425  0.07681487  0.764625414291  9.3897495e-05
0.42707763  0.07764083  0.761807880928  9.7477872e-05
0.43162100  0.07846680  0.758982349358  0.000100982848
0.43616438  0.07929277  0.756148732449  0.000104414779
0.44070776  0.08011873  0.753306942106  0.000107775926
0.44525114  0.08094470  0.750456888623  0.000111068457
0.44979452  0.08177067  0.747598480203  0.00011429445
0.45433790  0.08259663  0.744731623245  0.000117455904
0.45888128  0.08342260  0.741856222295  0.000120554735
0.46342466  0.08424856  0.738972180003  0.000123592786
0.46796804  0.08507453  0.736079397063  0.000130020928
0.47251142  0.08590050  0.733177772168  0.000150561435
0.47705479  0.08672646  0.730267201948  0.000170709875
0.48159817  0.08755243  0.727347580266  0.000190477366
0.48614155  0.08837840  0.724418799462  0.000209874612
0.49068493  0.08920436  0.721480749536  0.000228911917
0.49522831  0.09003033  0.718533317416  0.000247599209
0.49977169  0.09085630  0.715576388306  0.000276523599
0.50431507  0.09168226  0.712609844869  0.000307288203
0.50885845  0.09250823  0.709633566494  0.000337501596
0.51340183  0.09333419  0.7066474302  0.000367178461
0.51794521  0.09416016  0.703651310632  0.000404668677
0.52248858  0.09498613  0.700645079225  0.000445057114
0.52703196  0.09581209  0.697628604516  0.000484746019
0.53157534  0.09663806  0.694601751373  0.000530357381
0.53611872  0.09746403  0.691564382517  0.000579828332
0.54066210  0.09828999  0.688516357323  0.000629017568
0.54520548  0.09911596  0.685457530478  0.000687599196
0.54974886  0.09994192  0.682387755031  0.000745205834
0.55429224  0.10076789  0.679306878394  0.000811218423
0.55883562  0.10159386  0.676214746266  0.000877383884
0.56337900  0.10241982  0.673111199205  0.000952392678
0.56792237  0.10324579  0.669996073824  0.001029589954
0.57246575  0.10407176  0.666869202656  0.001112004096
0.57700913  0.10489772  0.663730414017  0.001201102521
0.58155251  0.10572369  0.660579531862  0.001294641269
0.58609589  0.10654966  0.657416375636  0.001393492996
0.59063927  0.10737562  0.654240759757  0.001498541223
0.59518265  0.10820159  0.651052492465  0.001610876913
0.59972603  0.10902755  0.647851379243  0.001729478876
0.60426941  0.10985352  0.644637218125  0.001854748935
0.60881279  0.11067949  0.641409801752  0.001986996928
0.61335616  0.11150545  0.638168917992  0.00212648859
0.61789954  0.11233142  0.634914347841  0.002274619542
0.62244292  0.11315739  0.631645866126  0.002430557045
0.62698630  0.11398335  0.628363240744  0.002594357702
0.63152968  0.11480932  0.625066232423  0.002766770129
0.63607306  0.11563528  0.621754596881  0.002948826603
0.64061644  0.11646125  0.618428078386  0.00313946034
0.64515982  0.11728722  0.615086417596  0.003340474767
0.64970320  0.11811318  0.611729344521  0.003551344924
0.65424658  0.11893915  0.608356580854  0.003772352762
0.65878995  0.11976512  0.604967839625  0.0040041635
0.66333333  0.12059108  0.601562824834  0.004247425143
0.66787671  0.12141705  0.598141231074  0.004502239695
0.67242009  0.12224302  0.594702740533  0.004769286969
0.67696347  0.12306898  0.591247028208  0.00504873391
0.68150685  0.12389495  0.587773753505  0.005340798886
0.68605023  0.12472091  0.58428256776  0.005646113345
0.69059361  0.12554688  0.580773108443  0.00596538878
0.69513699  0.12637285  0.577244999924  0.006298826823
0.69968037  0.12719881  0.573697851458  0.006646810884
0.70422374  0.12802478  0.57013126202  0.007010045518
0.70876712  0.12885075  0.566544809549  0.007389117703
0.71331050  0.12967671  0.562938061179  0.007784515956
0.71785388  0.13050268  0.559310564388  0.008196645694
0.72239726  0.13132864  0.555661849431  0.008625841734
0.72694064  0.13215461  0.551991427816  0.009073450395
0.73148402  0.13298058  0.548298788983  0.009539336812
0.73602740  0.13380654  0.544583405229  0.01002436548
0.74057078  0.13463251  0.540844723495  0.010529274349
0.74511416  0.13545848  0.537082167126  0.011054693962
0.74965753  0.13628444  0.533295135226  0.011601163066
0.75420091  0.13711041  0.529482999858  0.012169632247
0.75874429  0.13793638  0.525645102866  0.012760581463
0.76328767  0.13876234  0.521780757188  0.013375011729
0.76783105  0.13958831  0.517889243782  0.014013756296
0.77237443  0.14041427  0.513969806172  0.014677599959
0.77691781  0.14124024  0.510021654116  0.015367192542
0.78146119  0.14206621  0.506043954311  0.016083838151
0.78600457  0.14289217  0.502035833685  0.016828222401
0.79054795  0.14371814  0.497996372141  0.017601388438
0.79509132  0.14454411  0.493924596578  0.018404486039
0.79963470  0.14537007  0.489819487721  0.019238523931
0.80417808  0.14619604  0.485679964043  0.020104778717
0.80872146  0.14702200  0.481504884579  0.02100433634
0.81326484  0.14784797  0.477293035341  0.021938707092
0.81780822  0.14867394  0.473043138005  0.022908988816
0.82235160  0.14949990  0.468753830916  0.023916775973
0.82689498  0.15032587  0.464423661063  0.024963548233
0.83143836  0.15115184  0.460051090669  0.026050954341
0.83598174  0.15197780  0.455634473807  0.027180693516
0.84052511  0.15280377  0.451172046898  0.028354572421
0.84506849  0.15362974  0.446661930859  0.02957465617
0.84961187  0.15445570  0.442102103175  0.030842922146
0.85415525  0.15528167  0.437490390787  0.032161683661
0.85869863  0.15610763  0.432824449353  0.033533329778
0.86324201  0.15693360  0.428101754624  0.034960479206
0.86778539  0.15775957  0.423319563373  0.036445928867
0.87232877  0.15858553  0.418474905884  0.037992664575
0.87687215  0.15941150  0.41356454051  0.039604123225
0.88141553  0.16023747  0.4085849343  0.041283825942
0.88595890  0.16106343  0.40353221091  0.043035712856
0.89050228  0.16188940  0.398402108909  0.044864092783
0.89504566  0.16271536  0.393189922824  0.046773807078
0.89958904  0.16354133  0.387890442811  0.048770071134
0.90413242  0.16436730  0.382497858411  0.050858776272
0.90867580  0.16519326  0.377005671395  0.053046506617
0.91321918  0.16601923  0.371406570914  0.055340575223
0.91776256  0.16684520  0.365692287191  0.05774931344
0.92230594  0.16767116  0.359853397  0.060282314184
0.92684932  0.16849713  0.353879082349  0.062950349988
0.93139269  0.16932310  0.347756827096  0.06576597982
0.93593607  0.17014906  0.341472021341  0.068743923895
0.94047945  0.17097503  0.335007436304  0.071901488987
0.94502283  0.17180099  0.328342479564  0.075259239607
0.94956621  0.17262696  0.321452248605  0.078842223875
0.95410959  0.17345293  0.314306099322  0.082681077967
0.95865297  0.17427889  0.3068656208  0.086814277739
0.96319635  0.17510486  0.299081519433  0.091291153258
0.96773973  0.17593083  0.290888809155  0.096176778705
0.97228311  0.17675679  0.282198625426  0.101560033259
0.97682648  0.17758276  0.272883893253  0.107568069416
0.98136986  0.17840872  0.26275114335  0.114394362533
0.98591324  0.17923469  0.251478620059  0.122360748143
0.99045662  0.18006066  0.238451157967  0.132082462319
0.99500000  0.18088662  0.222144254181  0.145084023051
