# lambda  alpha  delta_phys  Delta_meV  red_pct
0.02000000  0.00429003  0.98795390  0.59277234  1.204610
0.02520440  0.00540638  0.98480198  0.59088119  1.519802
0.03040881  0.00652273  0.98164282  0.58898569  1.835718
0.03561321  0.00763909  0.97847634  0.58708581  2.152366
0.04081761  0.00875544  0.97530250  0.58518150  2.469750
0.04602201  0.00987179  0.97212122  0.58327273  2.787878
0.05122642  0.01098814  0.96893244  0.58135946  3.106756
0.05643082  0.01210449  0.96573610  0.57944166  3.426390
0.06163522  0.01322085  0.96253214  0.57751928  3.746786
0.06683962  0.01433720  0.95932048  0.57559229  4.067952
0.07204403  0.01545355  0.95610106  0.57366063  4.389894
0.07724843  0.01656990  0.95287381  0.57172429  4.712619
0.08245283  0.01768626  0.94963866  0.56978320  5.036134
0.08765723  0.01880261  0.94639554  0.56783733  5.360446
0.09286164  0.01991896  0.94314438  0.56588663  5.685562
0.09806604  0.02103531  0.93988511  0.56393106  6.011489
0.10327044  0.02215166  0.93661764  0.56197059  6.338236
0.10847484  0.02326802  0.93334191  0.56000515  6.665809
0.11367925  0.02438437  0.93005784  0.55803471  6.994216
0.11888365  0.02550072  0.92676536  0.55605921  7.323464
0.12408805  0.02661707  0.92346437  0.55407862  7.653563
0.12929245  0.02773342  0.92015480  0.55209288  7.984520
0.13449686  0.02884978  0.91683657  0.55010194  8.316343
0.13970126  0.02996613  0.91350959  0.54810576  8.649041
0.14490566  0.03108248  0.91017379  0.54610427  8.982621
0.15011006  0.03219883  0.90682906  0.54409744  9.317094
0.15531447  0.03331519  0.90347534  0.54208520  9.652466
0.16051887  0.03443154  0.90011251  0.54006751  9.988749
0.16572327  0.03554789  0.89674050  0.53804430  10.325950
0.17092767  0.03666424  0.89335922  0.53601553  10.664078
0.17613208  0.03778059  0.88996855  0.53398113  11.003145
0.18133648  0.03889695  0.88656842  0.53194105  11.343158
0.18654088  0.04001330  0.88315872  0.52989523  11.684128
0.19174528  0.04112965  0.87973935  0.52784361  12.026065
0.19694969  0.04224600  0.87631021  0.52578613  12.368979
0.20215409  0.04336235  0.87287120  0.52372272  12.712880
0.20735849  0.04447871  0.86942220  0.52165332  13.057780
0.21256289  0.04559506  0.86596312  0.51957787  13.403688
0.21776730  0.04671141  0.86249384  0.51749630  13.750616
0.22297170  0.04782776  0.85901425  0.51540855  14.098575
0.22817610  0.04894412  0.85552423  0.51331454  14.447577
0.23338050  0.05006047  0.85202367  0.51121420  14.797633
0.23858491  0.05117682  0.84851245  0.50910747  15.148755
0.24378931  0.05229317  0.84499045  0.50699427  15.500955
0.24899371  0.05340952  0.84145754  0.50487452  15.854246
0.25419811  0.05452588  0.83791359  0.50274816  16.208641
0.25940252  0.05564223  0.83435849  0.50061509  16.564151
0.26460692  0.05675858  0.83079208  0.49847525  16.920792
0.26981132  0.05787493  0.82721425  0.49632855  17.278575
0.27501572  0.05899128  0.82362485  0.49417491  17.637515
0.28022013  0.06010764  0.82002374  0.49201424  17.997626
0.28542453  0.06122399  0.81641078  0.48984647  18.358922
0.29062893  0.06234034  0.81278582  0.48767149  18.721418
0.29583333  0.06345669  0.80914870  0.48548922  19.085130
0.30103774  0.06457305  0.80549929  0.48329957  19.450071
0.30624214  0.06568940  0.80183741  0.48110244  19.816259
0.31144654  0.06680575  0.79816290  0.47889774  20.183710
0.31665094  0.06792210  0.79447561  0.47668537  20.552439
0.32185535  0.06903845  0.79077536  0.47446522  20.922464
0.32705975  0.07015481  0.78706199  0.47223719  21.293801
0.33226415  0.07127116  0.78333530  0.47000118  21.666470
0.33746855  0.07238751  0.77959513  0.46775708  22.040487
0.34267296  0.07350386  0.77584129  0.46550477  22.415871
0.34787736  0.07462021  0.77207358  0.46324415  22.792642
0.35308176  0.07573657  0.76829181  0.46097509  23.170819
0.35828616  0.07685292  0.76449579  0.45869747  23.550421
0.36349057  0.07796927  0.76068530  0.45641118  23.931470
0.36869497  0.07908562  0.75686014  0.45411608  24.313986
0.37389937  0.08020197  0.75302009  0.45181205  24.697991
0.37910377  0.08131833  0.74916492  0.44949895  25.083508
0.38430818  0.08243468  0.74529442  0.44717665  25.470558
0.38951258  0.08355103  0.74140834  0.44484500  25.859166
0.39471698  0.08466738  0.73750645  0.44250387  26.249355
0.39992138  0.08578374  0.73358850  0.44015310  26.641150
0.40512579  0.08690009  0.72965423  0.43779254  27.034577
0.41033019  0.08801644  0.72570339  0.43542203  27.429661
0.41553459  0.08913279  0.72173570  0.43304142  27.826430
0.42073899  0.09024914  0.71775090  0.43065054  28.224910
0.42594340  0.09136550  0.71374868  0.42824921  28.625132
0.43114780  0.09248185  0.70972877  0.42583726  29.027123
0.43635220  0.09359820  0.70569086  0.42341452  29.430914
0.44155660  0.09471455  0.70163464  0.42098078  29.836536
0.44676101  0.09583090  0.69755978  0.41853587  30.244022
0.45196541  0.09694726  0.69346596  0.41607958  30.653404
0.45716981  0.09806361  0.68935284  0.41361170  31.064716
0.46237421  0.09917996  0.68522005  0.41113203  31.477995
0.46757862  0.10029631  0.68106724  0.40864035  31.893276
0.47278302  0.10141267  0.67689404  0.40613642  32.310596
0.47798742  0.10252902  0.67270004  0.40362003  32.729996
0.48319182  0.10364537  0.66848486  0.40109091  33.151514
0.48839623  0.10476172  0.66424806  0.39854884  33.575194
0.49360063  0.10587807  0.65998923  0.39599354  34.001077
0.49880503  0.10699443  0.65570791  0.39342475  34.429209
0.50400943  0.10811078  0.65140365  0.39084219  34.859635
0.50921384  0.10922713  0.64707595  0.38824557  35.292405
0.51441824  0.11034348  0.64272433  0.38563460  35.727567
0.51962264  0.11145983  0.63834827  0.38300896  36.165173
0.52482704  0.11257619  0.63394722  0.38036833  36.605278
0.53003145  0.11369254  0.62952064  0.37771239  37.047936
0.53523585  0.11480889  0.62506794  0.37504077  37.493206
0.54044025  0.11592524  0.62058852  0.37235311  37.941148
0.54564465  0.11704160  0.61608174  0.36964905  38.391826
0.55084906  0.11815795  0.61154696  0.36692818  38.845304
0.55605346  0.11927430  0.60698349  0.36419009  39.301651
0.56125786  0.12039065  0.60239061  0.36143436  39.760939
0.56646226  0.12150700  0.59776758  0.35866055  40.223242
0.57166667  0.12262336  0.59311362  0.35586817  40.688638
0.57687107  0.12373971  0.58842791  0.35305675  41.157209
0.58207547  0.12485606  0.58370960  0.35022576  41.629040
0.58727987  0.12597241  0.57895781  0.34737468  42.104219
0.59248428  0.12708876  0.57417157  0.34450294  42.582843
0.59768868  0.12820512  0.56934992  0.34160995  43.065008
0.60289308  0.12932147  0.56449182  0.33869509  43.550818
0.60809748  0.13043782  0.55959617  0.33575770  44.040383
0.61330189  0.13155417  0.55466182  0.33279709  44.533818
0.61850629  0.13267053  0.54968757  0.32981254  45.031243
0.62371069  0.13378688  0.54467214  0.32680328  45.532786
0.62891509  0.13490323  0.53961416  0.32376850  46.038584
0.63411950  0.13601958  0.53451222  0.32070733  46.548778
0.63932390  0.13713593  0.52936479  0.31761887  47.063521
0.64452830  0.13825229  0.52417025  0.31450215  47.582975
0.64973270  0.13936864  0.51892691  0.31135614  48.107309
0.65493711  0.14048499  0.51363292  0.30817975  48.636708
0.66014151  0.14160134  0.50828634  0.30497181  49.171366
0.66534591  0.14271769  0.50288510  0.30173106  49.711490
0.67055031  0.14383405  0.49742696  0.29845617  50.257304
0.67575472  0.14495040  0.49190953  0.29514572  50.809047
0.68095912  0.14606675  0.48633024  0.29179814  51.366976
0.68616352  0.14718310  0.48068632  0.28841179  51.931368
0.69136792  0.14829945  0.47497479  0.28498487  52.502521
0.69657233  0.14941581  0.46919239  0.28151544  53.080761
0.70177673  0.15053216  0.46333563  0.27800138  53.666437
0.70698113  0.15164851  0.45740065  0.27444039  54.259935
0.71218553  0.15276486  0.45138330  0.27082998  54.861670
0.71738994  0.15388122  0.44527897  0.26716738  55.472103
0.72259434  0.15499757  0.43908264  0.26344958  56.091736
0.72779874  0.15611392  0.43278873  0.25967324  56.721127
0.73300314  0.15723027  0.42639108  0.25583465  57.360892
0.73820755  0.15834662  0.41988282  0.25192969  58.011718
0.74341195  0.15946298  0.41325626  0.24795376  58.674374
0.74861635  0.16057933  0.40650275  0.24390165  59.349725
0.75382075  0.16169568  0.39961249  0.23976749  60.038751
0.75902516  0.16281203  0.39257431  0.23554459  60.742569
0.76422956  0.16392838  0.38537541  0.23122525  61.462459
0.76943396  0.16504474  0.37800095  0.22680057  62.199905
0.77463836  0.16616109  0.37043359  0.22226015  62.956641
0.77984277  0.16727744  0.36265287  0.21759172  63.734713
0.78504717  0.16839379  0.35463434  0.21278061  64.536566
0.79025157  0.16951015  0.34634836  0.20780902  65.365164
0.79545597  0.17062650  0.33775844  0.20265506  66.224156
0.80066038  0.17174285  0.32881872  0.19729123  67.118128
0.80586478  0.17285920  0.31947029  0.19168217  68.052971
0.81106918  0.17397555  0.30963520  0.18578112  69.036480
0.81627358  0.17509191  0.29920656  0.17952393  70.079344
0.82147799  0.17620826  0.28803069  0.17281842  71.196931
0.82668239  0.17732461  0.27587216  0.16552329  72.412784
0.83188679  0.17844096  0.26233526  0.15740116  73.766474
0.83709119  0.17955731  0.24665031  0.14799018  75.334969
0.84229560  0.18067367  0.22683677  0.13610206  77.316323
0.84750000  0.18179002  0.18482876  0.11089726  81.517124
