# ell  K  y  Kinv  # conv-only IR plasma at alpha/ac=0.9446
0.000000000000000000e+00 4.041895801136937472e+00 2.502629362506351707e-01 2.474086540575122783e-01
1.263334803919539083e-02 2.987016850198322526e+00 2.238922670313884256e-01 3.347821757127366626e-01
2.526669607839078166e-02 2.457092946733601124e+00 2.063069848288076324e-01 4.069850110185597170e-01
3.790004411758617076e-02 2.130527867004941012e+00 1.932610482778839567e-01 4.693672471910834698e-01
5.053339215678156332e-02 1.905758151657097832e+00 1.829947476198512668e-01 5.247255529934259366e-01
6.316674019597695589e-02 1.739877685099775473e+00 1.746056408516200587e-01 5.747530464721454235e-01
7.580008823517234151e-02 1.611420011564621557e+00 1.675685017782065078e-01 6.205706723407522496e-01
8.843343627436774101e-02 1.508370320664525810e+00 1.615506177689089717e-01 6.629671681417340645e-01
1.010667843135631266e-01 1.423441411435209858e+00 1.563279471108822427e-01 7.025227676857682679e-01
1.137001323527585123e-01 1.351937910230388118e+00 1.517425624824046693e-01 7.396789397152023771e-01
1.263334803919539118e-01 1.290687491042719737e+00 1.476789394299916347e-01 7.747808876586544935e-01
1.389668284311492974e-01 1.237463657255211125e+00 1.440500900703541864e-01 8.081045403935953608e-01
1.516001764703446830e-01 1.190654423585393085e+00 1.407890013710547394e-01 8.398742575437805336e-01
1.642335245095400686e-01 1.149061136829272467e+00 1.378428487363576038e-01 8.702757128827863786e-01
1.768668725487354820e-01 1.111773014118700553e+00 1.351694276011283780e-01 8.994641777599695631e-01
1.895002205879308677e-01 1.078084180518666502e+00 1.327344083171603517e-01 9.275713511712042614e-01
2.021335686271262533e-01 1.047438569095176630e+00 1.305095377563288694e-01 9.547099271548152855e-01
2.147669166663216389e-01 1.019391796005084672e+00 1.284713667910332424e-01 9.809770923396876618e-01
2.274002647055170245e-01 9.935837079520442039e-01 1.266000957310825514e-01 1.006457726708483325e+00
2.400336127447124379e-01 9.697194668603533740e-01 1.248790000280136370e-01 1.031226075349075400e+00
2.526669607839078235e-01 9.475550375037182782e-01 1.232938040555272979e-01 1.055347668916884363e+00
2.653003088231031814e-01 9.268863275623308029e-01 1.218321497774452061e-01 1.078880948249560268e+00
2.779336568622985948e-01 9.075415301793543499e-01 1.204833844226256001e-01 1.101877949103192478e+00
2.905670049014940082e-01 8.893747827609710388e-01 1.192382434777951861e-01 1.124385376540140369e+00
3.032003529406893660e-01 8.722612352940050107e-01 1.180885726412303216e-01 1.146445536655012809e+00
3.158337009798847794e-01 8.560934534521955630e-01 1.170271991670222417e-01 1.168096772574888309e+00
3.284670490190801373e-01 8.407784826328054129e-01 1.160478103755309132e-01 1.189373920308485877e+00
3.411003970582755507e-01 8.262353899279936131e-01 1.151448084189722054e-01 1.210308844416782881e+00
3.537337450974709641e-01 8.123932687177013445e-01 1.143131769425510119e-01 1.230930927798578489e+00
3.663670931366663219e-01 7.991898158770910365e-01 1.135484480346658082e-01 1.251267196019664851e+00
3.790004411758617353e-01 7.865700300678182266e-01 1.128466295143845666e-01 1.271342616389515623e+00
3.916337892150570932e-01 7.744851247575631481e-01 1.122041336488855262e-01 1.291180382984153052e+00
4.042671372542525066e-01 7.628916250715932490e-01 1.116177131769626324e-01 1.310802173121451419e+00
4.169004852934479199e-01 7.517507063277002466e-01 1.110844450423472130e-01 1.330228214729583414e+00
4.295338333326432778e-01 7.410275655408042894e-01 1.106016904911543280e-01 1.349477464134815063e+00
4.421671813718386912e-01 7.306908914109240261e-01 1.101670584513140400e-01 1.368567764775409756e+00
4.548005294110340491e-01 7.207124091837150415e-01 1.097783703216112100e-01 1.387516001191943404e+00
4.674338774502294624e-01 7.110665452196850422e-01 1.094336517227349620e-01 1.406338136314722265e+00
4.800672254894248758e-01 7.017300968021538132e-01 1.091311091416203999e-01 1.425049323888327724e+00
4.927005735286202337e-01 6.926819519533777836e-01 1.088691096584485374e-01 1.443664003631073056e+00
5.053339215678156471e-01 6.839028423852789862e-01 1.086461605226751725e-01 1.462195999233245836e+00
5.179672696070110050e-01 6.753751608039271215e-01 1.084609046554511069e-01 1.480658540668949641e+00
5.306006176462063628e-01 6.670827754713766211e-01 1.083121062808858615e-01 1.499064339194451811e+00
5.432339656854018317e-01 6.590108721782461654e-01 1.081986390266265197e-01 1.517425648373104119e+00
5.558673137245971896e-01 6.511458118425287322e-01 1.081194735947745567e-01 1.535754330002259360e+00
5.685006617637925475e-01 6.434750251920728914e-01 1.080736751540456592e-01 1.554061868526298795e+00
5.811340098029880163e-01 6.359869028470802599e-01 1.080603941529105633e-01 1.572359423634930975e+00
5.937673578421833742e-01 6.286707013101725527e-01 1.080788590101431079e-01 1.590657872103732107e+00
6.064007058813787321e-01 6.215164566896193010e-01 1.081283684528982492e-01 1.608967854731146119e+00
6.190340539205742010e-01 6.145149211884279872e-01 1.082082899232865436e-01 1.627299786417018890e+00
6.316674019597695589e-01 6.076574949846137441e-01 1.083180535318335747e-01 1.645663894963264706e+00
6.443007499989649167e-01 6.009361677309950078e-01 1.084571474138616709e-01 1.664070251880135132e+00
6.569340980381602746e-01 5.943434640291643811e-01 1.086251128791069220e-01 1.682528807872833099e+00
6.695674460773557435e-01 5.878724037649960543e-01 1.088215433951912059e-01 1.701049400508606535e+00
6.822007941165511014e-01 5.815164582852485609e-01 1.090460805271783046e-01 1.719641784428179720e+00
6.948341421557464592e-01 5.752695125440987489e-01 1.092984109243965024e-01 1.738315655869808518e+00
7.074674901949419281e-01 5.691258293738211682e-01 1.095782632296530695e-01 1.757080681262080057e+00
7.201008382341372860e-01 5.630800240735416295e-01 1.098854074097086048e-01 1.775946503599271642e+00
7.327341862733326439e-01 5.571270353057585778e-01 1.102196519994514956e-01 1.794922767392156837e+00
7.453675343125281127e-01 5.512620997271472367e-01 1.105808421358510651e-01 1.814019139888195076e+00
7.580008823517234706e-01 5.454807278396058834e-01 1.109688576067474342e-01 1.833245335651971564e+00
7.706342303909188285e-01 5.397786874570065230e-01 1.113836124026992558e-01 1.852611122367906038e+00
7.832675784301141864e-01 5.341519838423726130e-01 1.118250528485634082e-01 1.872126342780930930e+00
7.959009264693096553e-01 5.285968421338387291e-01 1.122931563439060060e-01 1.891800934646529209e+00
8.085342745085050131e-01 5.231096905954533138e-01 1.127879301734949213e-01 1.911644953206094621e+00
8.211676225477003710e-01 5.176871498225900092e-01 1.133094112100546808e-01 1.931668576944004290e+00
8.338009705868958399e-01 5.123260188639189305e-01 1.138576646699125672e-01 1.951882128136877226e+00
8.464343186260911978e-01 5.070232626384140184e-01 1.144327833557752389e-01 1.972296093075229573e+00
8.590676666652865556e-01 5.017760000852109492e-01 1.150348869917554168e-01 1.992921143757735214e+00
8.717010147044819135e-01 4.965814972053740894e-01 1.156641220372743584e-01 2.013768144056370613e+00
8.843343627436773824e-01 4.914371571715607789e-01 1.163206608961731836e-01 2.034848170120965971e+00
8.969677107828727403e-01 4.863405109954193617e-01 1.170047015381097261e-01 2.056172532189938451e+00
9.096010588220680981e-01 4.812892090433059655e-01 1.177164672051841388e-01 2.077752796468829377e+00
9.222344068612635670e-01 4.762810167215355550e-01 1.184562063152751060e-01 2.099600792161456564e+00
9.348677549004589249e-01 4.713138073168092745e-01 1.192241920115122006e-01 2.121728632761689326e+00
9.475011029396542828e-01 4.663855547928296152e-01 1.200207220878852232e-01 2.144148740722049418e+00
9.601344509788497517e-01 4.614943277166663194e-01 1.208461189661701463e-01 2.166873870254692136e+00
9.727677990180451095e-01 4.566382868133509465e-01 1.217007296782748882e-01 2.189917115751500720e+00
9.854011470572404674e-01 4.518156797309489936e-01 1.225849256793792447e-01 2.213291934878153011e+00
9.980344950964358253e-01 4.470248352150626991e-01 1.234991030350143237e-01 2.237012177452964323e+00
1.010667843135631294e+00 4.422641588481448505e-01 1.244436825991630663e-01 2.261092109757323776e+00
1.023301191174826652e+00 4.375321319513901797e-01 1.254191100728010710e-01 2.285546424990565040e+00
1.035934539214022010e+00 4.328273077524982804e-01 1.264258560273313903e-01 2.310390269025783372e+00
1.048567887253217368e+00 4.281483064108428938e-01 1.274644163317008860e-01 2.335639275051620167e+00
1.061201235292412726e+00 4.234938122009052064e-01 1.285353124827160465e-01 2.361309589868577863e+00
1.073834583331608306e+00 4.188625733921453320e-01 1.296390917425435940e-01 2.387417887211864098e+00
1.086467931370803663e+00 4.142533994831535948e-01 1.307763273339407617e-01 2.413981397008829966e+00
1.099101279409999021e+00 4.096651566860611826e-01 1.319476191010696409e-01 2.441017947656042075e+00
1.111734627449194379e+00 4.050967663369884897e-01 1.331535939555801851e-01 2.468545994682486366e+00
1.124367975488389737e+00 4.005472054755406242e-01 1.343949061002827072e-01 2.496584638039784920e+00
1.137001323527585095e+00 3.960155049352617196e-01 1.356722373668589332e-01 2.525153655697077060e+00
1.149634671566780675e+00 3.915007449759846936e-01 1.369862981153084913e-01 2.554273555881334534e+00
1.162268019605976033e+00 3.870020548084041057e-01 1.383378277668125267e-01 2.583965608386955992e+00
1.174901367645171391e+00 3.825186136455669406e-01 1.397275951245863790e-01 2.614251867300181331e+00
1.187534715684366748e+00 3.780496495293976245e-01 1.411563988299240624e-01 2.645155209758338177e+00
1.200168063723562106e+00 3.735944348431691209e-01 1.426250685140587893e-01 2.676699401102666798e+00
1.212801411762757464e+00 3.691522869088992298e-01 1.441344653931305730e-01 2.708909129003401528e+00
1.225434759801952822e+00 3.647225693187815532e-01 1.456854826991290930e-01 2.741810033494147536e+00
1.238068107841148402e+00 3.603046914201100126e-01 1.472790462352578378e-01 2.775428751867165200e+00
1.250701455880343760e+00 3.558981034831947277e-01 1.489161157982702433e-01 2.809793000336174629e+00
1.263334803919539118e+00 3.515022983613994567e-01 1.505976858153121323e-01 2.844931611149362105e+00
1.275968151958734476e+00 3.471168129693660287e-01 1.523247858936521704e-01 2.880874572008278456e+00
1.288601499997929833e+00 3.427412282958512413e-01 1.540984814701194527e-01 2.917653078890201979e+00
1.301234848037125191e+00 3.383751641090181339e-01 1.559198755141263659e-01 2.955299638001265272e+00
1.313868196076320549e+00 3.340182816515479547e-01 1.577901091937221612e-01 2.993848106323750535e+00
1.326501544115516129e+00 3.296702851539303758e-01 1.597103625501390678e-01 3.033333742933724597e+00
1.339134892154711487e+00 3.253309222447524629e-01 1.616818552419437005e-01 3.073793272093826801e+00
1.351768240193906845e+00 3.209999781073177294e-01 1.637058485361727045e-01 3.115265009973542387e+00
1.364401588233102203e+00 3.166772791852899838e-01 1.657836459941477159e-01 3.157788909178082637e+00
1.377034936272297561e+00 3.123626946223869161e-01 1.679165942746440321e-01 3.201406625105770232e+00
1.389668284311492918e+00 3.080561369362748159e-01 1.701060839771710020e-01 3.246161592316735067e+00
1.402301632350688276e+00 3.037575555612392342e-01 1.723535519256149395e-01 3.292099181376228589e+00
1.414934980389883856e+00 2.994669415347017138e-01 1.746604818663890779e-01 3.339266748026415321e+00
1.427568328429079214e+00 2.951843287518136072e-01 1.770284054011700692e-01 3.387713718504292260e+00
1.440201676468274572e+00 2.909097947578936361e-01 1.794589029366008837e-01 3.437491683056731251e+00
1.452835024507469930e+00 2.866434536314038661e-01 1.819536062607343407e-01 3.488654589286049212e+00
1.465468372546665288e+00 2.823854616064290224e-01 1.845141992476628523e-01 3.541258796792225549e+00
1.478101720585860646e+00 2.781360180251210568e-01 1.871424189171493058e-01 3.595363186330224448e+00
1.490735068625056225e+00 2.738953660878483132e-01 1.898400565003043605e-01 3.651029275461576074e+00
1.503368416664251583e+00 2.696637850509320811e-01 1.926089603041291065e-01 3.708321455960901236e+00
1.516001764703446941e+00 2.654415967168046175e-01 1.954510364181049342e-01 3.767307054993660032e+00
1.528635112742642299e+00 2.612291659617370088e-01 1.983682498937890948e-01 3.828056474162892187e+00
1.541268460781837657e+00 2.570269012662049213e-01 2.013626259379172889e-01 3.890643333727513475e+00
1.553901808821033015e+00 2.528352462245769261e-01 2.044362530548181900e-01 3.955144762972508055e+00
1.566535156860228373e+00 2.486546868058186199e-01 2.075912837516949716e-01 4.021641469323792961e+00
1.579168504899423953e+00 2.444857513317045816e-01 2.108299358266842449e-01 4.090217914757968920e+00
1.591801852938619311e+00 2.403290105966953694e-01 2.141544937026829964e-01 4.160962496858672921e+00
1.604435200977814668e+00 2.361850687139362137e-01 2.175673118319169375e-01 4.233967902565360042e+00
1.617068549017010026e+00 2.320545710186816268e-01 2.210708153979309143e-01 4.309331187100359450e+00
1.629701897056205384e+00 2.279382033770738225e-01 2.246675016962839111e-01 4.387153996935384548e+00
1.642335245095400742e+00 2.238366917001107514e-01 2.283599416246159808e-01 4.467542798299431794e+00
1.654968593134596100e+00 2.197507921837859868e-01 2.321507833289431222e-01 4.550609306398594178e+00
1.667601941173791680e+00 2.156812996995620957e-01 2.360427529018062076e-01 4.636470576693350054e+00
1.680235289212987038e+00 2.116290463299476121e-01 2.400386558365212308e-01 4.725249285681301536e+00
1.692868637252182396e+00 2.075949000903005714e-01 2.441413786921315943e-01 4.817074020436029613e+00
1.705501985291377753e+00 2.035797546622668541e-01 2.483538929579456045e-01 4.912079797222332900e+00
1.718135333330573111e+00 1.995845380960878657e-01 2.526792557490079583e-01 5.010408168585486877e+00
1.730768681369768469e+00 1.956102105004771663e-01 2.571206113136945692e-01 5.112207575675404847e+00
1.743402029408963827e+00 1.916577618140005990e-01 2.616811928969063894e-01 5.217633716136561794e+00
1.756035377448159407e+00 1.877282011807939188e-01 2.663643267988199392e-01 5.326850168009322317e+00
1.768668725487354765e+00 1.838225657836781990e-01 2.711734330710364183e-01 5.440028517373632688e+00
1.781302073526550123e+00 1.799419176647878982e-01 2.761120270594560888e-01 5.557348798865701767e+00
1.793935421565745481e+00 1.760873404383569985e-01 2.811837214960895004e-01 5.678999963941590678e+00
1.806568769604940838e+00 1.722599285149495063e-01 2.863922307306185910e-01 5.805180628025254030e+00
1.819202117644136196e+00 1.684607958964009222e-01 2.917413714335121977e-01 5.936099225216615594e+00
1.831835465683331776e+00 1.646910721702466440e-01 2.972350641625829959e-01 6.071974557104508285e+00
1.844468813722527134e+00 1.609518981280018968e-01 3.028773357237695696e-01 6.213036389323719710e+00
1.857102161761722492e+00 1.572444151051138883e-01 3.086723235601428472e-01 6.359526342042262748e+00
1.869735509800917850e+00 1.535697735999426994e-01 3.146242764723104490e-01 6.511698080672127631e+00
1.882368857840113208e+00 1.499291285653747141e-01 3.207375562084547882e-01 6.669817997134309451e+00
1.895002205879308566e+00 1.463236339865780222e-01 3.270166401477931917e-01 6.834165970014987934e+00
1.907635553918503923e+00 1.427544326616208836e-01 3.334661258407031204e-01 7.005036420622804627e+00
1.920268901957699503e+00 1.392226645541135566e-01 3.400907317622927084e-01 7.182738551964120255e+00
1.932902249996894861e+00 1.357294615909275526e-01 3.468952989418541133e-01 7.367597191344359864e+00
1.945535598036090219e+00 1.322759413511140070e-01 3.538847940394279634e-01 7.559953758677810498e+00
1.958168946075285577e+00 1.288631976564599546e-01 3.610643140416032182e-01 7.760167512418311375e+00
1.970802294114480935e+00 1.254923086233320217e-01 3.684390870716225397e-01 7.968615853594043230e+00
1.983435642153676293e+00 1.221643312533392256e-01 3.760144740937613195e-01 8.185695364109530914e+00
1.996068990192871651e+00 1.188802944761416652e-01 3.837959724729780309e-01 8.411823039357393839e+00
2.008702338232067230e+00 1.156411909380584274e-01 3.917892208417841360e-01 8.647437750235864584e+00
2.021335686271262588e+00 1.124479847714545261e-01 3.999999999999999112e-01 8.893000635204401760e+00
