# ell  K  y  alpha  alpha_over_ac
0.000000000000000000e+00 4.289862516460664743e+00 1.370680962853044332e-02 3.639803132657250251e-02 2.000000000000000111e-01
3.333333333333333287e-02 4.279892848449905252e+00 9.355032866505203631e-03 3.674154296631987338e-02 2.018875286779402978e-01
6.666666666666666574e-02 4.275261194200430381e+00 6.389554164297210799e-03 3.690116627217185363e-02 2.027646272463754784e-01
1.000000000000000056e-01 4.273103260437911111e+00 4.365596759891474631e-03 3.697554426338271749e-02 2.031733196316505285e-01
1.333333333333333315e-01 4.272096471257128769e+00 2.983216833982115911e-03 3.701024722492200769e-02 2.033640055576443062e-01
1.666666666666666574e-01 4.271626475176049098e+00 2.038724192658814688e-03 3.702644786825674827e-02 2.034530248960221832e-01
2.000000000000000111e-01 4.271406996072278694e+00 1.393307621043162522e-03 3.703401333861354450e-02 2.034945956627975394e-01
2.333333333333333370e-01 4.271304491483271626e+00 9.522306773676694237e-04 3.703754670158070084e-02 2.035140107950910993e-01
2.666666666666666630e-01 4.271256615939091894e+00 6.507905343047177063e-04 3.703919698939128757e-02 2.035230788009718683e-01
2.999999999999999889e-01 4.271234253788426471e+00 4.447763543102655056e-04 3.703996782189655085e-02 2.035273143734859236e-01
3.333333333333333148e-01 4.271223808644244002e+00 3.039780468887474918e-04 3.704032787048552877e-02 2.035292927694367926e-01
3.666666666666666408e-01 4.271218929941194453e+00 2.077510429097441684e-04 3.704049604150732450e-02 2.035302168360176855e-01
4.000000000000000222e-01 4.271216651184078117e+00 1.419857045222553847e-04 3.704057459126774282e-02 2.035306484514515513e-01
4.333333333333333481e-01 4.271215586802127540e+00 9.703896185909335176e-05 3.704061128098387612e-02 2.035308500542020171e-01
4.666666666666666741e-01 4.271215089640467255e+00 6.632045349786092926e-05 3.704062841836636144e-02 2.035309442207371977e-01
5.000000000000000000e-01 4.271214857424530109e+00 4.532612814968157349e-05 3.704063642295261916e-02 2.035309882043591923e-01
5.333333333333333259e-01 4.271214748966269958e+00 3.097780965815254660e-05 3.704064016155691336e-02 2.035310087472520790e-01
5.666666666666666519e-01 4.271214698315559666e+00 2.117176186932248318e-05 3.704064190750935154e-02 2.035310183409162199e-01
5.999999999999999778e-01 4.271214674657755062e+00 1.446981981934962888e-05 3.704064272300434946e-02 2.035310228219003037e-01
6.333333333333333037e-01 4.271214663603051243e+00 9.889062718427527569e-06 3.704064310406490063e-02 2.035310249157528395e-01
6.666666666666666297e-01 4.271214658442996637e+00 6.758666175290702546e-06 3.704064328193427957e-02 2.035310258931099792e-01
6.999999999999999556e-01 4.271214656034933554e+00 4.619402952128590500e-06 3.704064336494127668e-02 2.035310263492170479e-01
7.333333333333332815e-01 4.271214654908324526e+00 3.156999176283291852e-06 3.704064340377598297e-02 2.035310265626061044e-01
7.666666666666666075e-01 4.271214654382630371e+00 2.157674250751294172e-06 3.704064342189687664e-02 2.035310266621768449e-01
8.000000000000000444e-01 4.271214654137206246e+00 1.474723939321505498e-06 3.704064343035676221e-02 2.035310267086622438e-01
8.333333333333333703e-01 4.271214654022385204e+00 1.007858009049706597e-06 3.704064343431470729e-02 2.035310267304103748e-01
8.666666666666666963e-01 4.271214653968807617e+00 6.888279512445395103e-07 3.704064343616155636e-02 2.035310267405584517e-01
9.000000000000000222e-01 4.271214653943794737e+00 4.707990881621036112e-07 3.704064343702376250e-02 2.035310267452961064e-01
9.333333333333333481e-01 4.271214653932092098e+00 3.217542070162013516e-07 3.704064343742714815e-02 2.035310267475126111e-01
9.666666666666666741e-01 4.271214653926631577e+00 2.199052735947488100e-07 3.704064343761537259e-02 2.035310267485468672e-01
1.000000000000000000e+00 4.271214653924082505e+00 1.503005243961238888e-07 3.704064343770324674e-02 2.035310267490297309e-01
1.033333333333333215e+00 4.271214653922890570e+00 1.027186059982616849e-07 3.704064343774435969e-02 2.035310267492556335e-01
1.066666666666666652e+00 4.271214653922333682e+00 7.020378494754729827e-08 3.704064343776354573e-02 2.035310267493610492e-01
1.100000000000000089e+00 4.271214653922073445e+00 4.798277694630198100e-08 3.704064343777250384e-02 2.035310267494102876e-01
1.133333333333333304e+00 4.271214653921951765e+00 3.279246017040176827e-08 3.704064343777669494e-02 2.035310267494332970e-01
1.166666666666666741e+00 4.271214653921894921e+00 2.241224751183843052e-08 3.704064343777864476e-02 2.035310267494440106e-01
1.199999999999999956e+00 4.271214653921869164e+00 1.531828909266610726e-08 3.704064343777956070e-02 2.035310267494490621e-01
1.233333333333333393e+00 4.271214653921856730e+00 1.046884771825766157e-08 3.704064343777998397e-02 2.035310267494513936e-01
1.266666666666666607e+00 4.271214653921850513e+00 7.155010786202420932e-09 3.704064343778018520e-02 2.035310267494524761e-01
1.300000000000000044e+00 4.271214653921847848e+00 4.890295969928922019e-09 3.704064343778027540e-02 2.035310267494529757e-01
1.333333333333333259e+00 4.271214653921846960e+00 3.342133282424214962e-09 3.704064343778032398e-02 2.035310267494532532e-01
1.366666666666666696e+00 4.271214653921846960e+00 2.284205514133810678e-09 3.704064343778034479e-02 2.035310267494533643e-01
1.399999999999999911e+00 4.271214653921846072e+00 1.561205336237771594e-09 3.704064343778035173e-02 2.035310267494533920e-01
1.433333333333333348e+00 4.271214653921846072e+00 1.066961252861422662e-09 3.704064343778035867e-02 2.035310267494534475e-01
1.466666666666666563e+00 4.271214653921846072e+00 7.292224968913852179e-10 3.704064343778035867e-02 2.035310267494534475e-01
1.500000000000000000e+00 4.271214653921846072e+00 4.984078912370434857e-10 3.704064343778035867e-02 2.035310267494534475e-01
1.533333333333333215e+00 4.271214653921846072e+00 3.406226559228893354e-10 3.704064343778035867e-02 2.035310267494534475e-01
1.566666666666666652e+00 4.271214653921846072e+00 2.328010534438075440e-10 3.704064343778035867e-02 2.035310267494534475e-01
1.600000000000000089e+00 4.271214653921846072e+00 1.591145125381020564e-10 3.704064343778035867e-02 2.035310267494534475e-01
1.633333333333333304e+00 4.271214653921846072e+00 1.087422747703397190e-10 3.704064343778035867e-02 2.035310267494534475e-01
1.666666666666666741e+00 4.271214653921846072e+00 7.432070556734190307e-11 3.704064343778035867e-02 2.035310267494534475e-01
1.699999999999999956e+00 4.271214653921846072e+00 5.079660363603050025e-11 3.704064343778035867e-02 2.035310267494534475e-01
1.733333333333333393e+00 4.271214653921846072e+00 3.471548975563445686e-11 3.704064343778035867e-02 2.035310267494534475e-01
1.766666666666666607e+00 4.271214653921846072e+00 2.372655619172613325e-11 3.704064343778035867e-02 2.035310267494534475e-01
1.800000000000000044e+00 4.271214653921846072e+00 1.621659080492795084e-11 3.704064343778035867e-02 2.035310267494534475e-01
1.833333333333333259e+00 4.271214653921846072e+00 1.108276639898176609e-11 3.704064343778035867e-02 2.035310267494534475e-01
1.866666666666666696e+00 4.271214653921846072e+00 7.574598013053691316e-12 3.704064343778035867e-02 2.035310267494534475e-01
1.899999999999999911e+00 4.271214653921846072e+00 5.177074814268525300e-12 3.704064343778035867e-02 2.035310267494534475e-01
1.933333333333333348e+00 4.271214653921846072e+00 3.538124103073140985e-12 3.704064343778035867e-02 2.035310267494534475e-01
1.966666666666666563e+00 4.271214653921846072e+00 2.418156878551324751e-12 3.704064343778035867e-02 2.035310267494534475e-01
2.000000000000000000e+00 4.271214653921846072e+00 1.652758212557766424e-12 3.704064343778035867e-02 2.035310267494534475e-01
2.033333333333333215e+00 4.271214653921846072e+00 1.129530454589142494e-12 3.704064343778035867e-02 2.035310267494534475e-01
2.066666666666666430e+00 4.271214653921846072e+00 7.719858769016945563e-13 3.704064343778035867e-02 2.035310267494534475e-01
2.100000000000000089e+00 4.271214653921846072e+00 5.276357416447910382e-13 3.704064343778035867e-02 2.035310267494534475e-01
2.133333333333333304e+00 4.271214653921846072e+00 3.605975965445035046e-13 3.704064343778035867e-02 2.035310267494534475e-01
2.166666666666666519e+00 4.271214653921846072e+00 2.464530731739403165e-13 3.704064343778035867e-02 2.035310267494534475e-01
2.200000000000000178e+00 4.271214653921846072e+00 1.684453743722166763e-13 3.704064343778035867e-02 2.035310267494534475e-01
2.233333333333333393e+00 4.271214653921846072e+00 1.151191861232020756e-13 3.704064343778035867e-02 2.035310267494534475e-01
2.266666666666666607e+00 4.271214653921846072e+00 7.867905242081799429e-14 3.704064343778035867e-02 2.035310267494534475e-01
2.299999999999999822e+00 4.271214653921846072e+00 5.377543996346237325e-14 3.704064343778035867e-02 2.035310267494534475e-01
2.333333333333333481e+00 4.271214653921846072e+00 3.675129047076961031e-14 3.704064343778035867e-02 2.035310267494534475e-01
2.366666666666666696e+00 4.271214653921846072e+00 2.511793912778195489e-14 3.704064343778035867e-02 2.035310267494534475e-01
2.399999999999999911e+00 4.271214653921846072e+00 1.716757111343330687e-14 3.704064343778035867e-02 2.035310267494534475e-01
2.433333333333333126e+00 4.271214653921846072e+00 1.173268676362423204e-14 3.704064343778035867e-02 2.035310267494534475e-01
2.466666666666666785e+00 4.271214653921846072e+00 8.018790854934399244e-15 3.704064343778035867e-02 2.035310267494534475e-01
2.500000000000000000e+00 4.271214653921846072e+00 5.480671067220290609e-15 3.704064343778035867e-02 2.035310267494534475e-01
2.533333333333333215e+00 4.271214653921846072e+00 3.745608301912778694e-15 3.704064343778035867e-02 2.035310267494534475e-01
2.566666666666666430e+00 4.271214653921846072e+00 2.559963476623729021e-15 3.704064343778035867e-02 2.035310267494534475e-01
2.600000000000000089e+00 4.271214653921846072e+00 1.749679972116824886e-15 3.704064343778035867e-02 2.035310267494534475e-01
2.633333333333333304e+00 4.271214653921846072e+00 1.195768866416423924e-15 3.704064343778035867e-02 2.035310267494534475e-01
2.666666666666666519e+00 4.271214653921846072e+00 8.172570054766731841e-16 3.704064343778035867e-02 2.035310267494534475e-01
2.700000000000000178e+00 4.271214653921846072e+00 5.585775842554651276e-16 3.704064343778035867e-02 2.035310267494534475e-01
2.733333333333333393e+00 4.271214653921846072e+00 3.817439162446931370e-16 3.704064343778035867e-02 2.035310267494534475e-01
2.766666666666666607e+00 4.271214653921846072e+00 2.609056805300937933e-16 3.704064343778035867e-02 2.035310267494534475e-01
2.799999999999999822e+00 4.271214653921846072e+00 1.783234206282843060e-16 3.704064343778035867e-02 2.035310267494534475e-01
2.833333333333333481e+00 4.271214653921846072e+00 1.218700550605285195e-16 3.704064343778035867e-02 2.035310267494534475e-01
2.866666666666666696e+00 4.271214653921846072e+00 8.329298332923782519e-17 3.704064343778035867e-02 2.035310267494534475e-01
2.899999999999999911e+00 4.271214653921846072e+00 5.692896249490103441e-17 3.704064343778035867e-02 2.035310267494534475e-01
2.933333333333333126e+00 4.271214653921846072e+00 3.890647548901911532e-17 3.704064343778035867e-02 2.035310267494534475e-01
2.966666666666666785e+00 4.271214653921846072e+00 2.659091614176054558e-17 3.704064343778035867e-02 2.035310267494534475e-01
3.000000000000000000e+00 4.271214653921846072e+00 1.817431921913123865e-17 3.704064343778035867e-02 2.035310267494534475e-01
3.033333333333333215e+00 4.271214653921846072e+00 1.242072003845268274e-17 3.704064343778035867e-02 2.035310267494534475e-01
3.066666666666666430e+00 4.271214653921846072e+00 8.489032244927940331e-18 3.704064343778035867e-02 2.035310267494534475e-01
3.100000000000000089e+00 4.271214653921846072e+00 5.802070942509579478e-18 3.704064343778035867e-02 2.035310267494534475e-01
3.133333333333333304e+00 4.271214653921846072e+00 3.965259878581447136e-18 3.704064343778035867e-02 2.035310267494534475e-01
3.166666666666666519e+00 4.271214653921846072e+00 2.710085958349184039e-18 3.704064343778035867e-02 2.035310267494534475e-01
3.200000000000000178e+00 4.271214653921846072e+00 1.852285459280230653e-18 3.704064343778035867e-02 2.035310267494534475e-01
3.233333333333333393e+00 4.271214653921846072e+00 1.265891659743624228e-18 3.704064343778035867e-02 2.035310267494534475e-01
3.266666666666666607e+00 4.271214653921846072e+00 8.651829430886750463e-19 3.704064343778035867e-02 2.035310267494534475e-01
3.299999999999999822e+00 4.271214653921846072e+00 5.913339317386885963e-19 3.704064343778035867e-02 2.035310267494534475e-01
3.333333333333333481e+00 4.271214653921846072e+00 4.041303075403338574e-19 3.704064343778035867e-02 2.035310267494534475e-01
3.366666666666666696e+00 4.271214653921846072e+00 2.762058239169455234e-19 3.704064343778035867e-02 2.035310267494534475e-01
3.399999999999999911e+00 4.271214653921846072e+00 1.887807395310511385e-19 3.704064343778035867e-02 2.035310267494534475e-01
3.433333333333333126e+00 4.271214653921846072e+00 1.290168113641908790e-19 3.704064343778035867e-02 2.035310267494534475e-01
3.466666666666666785e+00 4.271214653921846072e+00 8.817748636292705475e-20 3.704064343778035867e-02 2.035310267494534475e-01
3.500000000000000000e+00 4.271214653921846072e+00 6.026741525402455066e-20 3.704064343778035867e-02 2.035310267494534475e-01
3.533333333333333215e+00 4.271214653921846072e+00 4.118804579614919793e-20 3.704064343778035867e-02 2.035310267494534475e-01
3.566666666666666430e+00 4.271214653921846072e+00 2.815027210875260914e-20 3.704064343778035867e-02 2.035310267494534475e-01
3.600000000000000089e+00 4.271214653921846072e+00 1.924010548122471932e-20 3.704064343778035867e-02 2.035310267494534475e-01
3.633333333333333304e+00 4.271214653921846072e+00 1.314910125717570499e-20 3.704064343778035867e-02 2.035310267494534475e-01
3.666666666666666519e+00 4.271214653921846072e+00 8.986849733221469652e-21 3.704064343778035867e-02 2.035310267494534475e-01
3.699999999999999734e+00 4.271214653921846072e+00 6.142318487832192191e-21 3.704064343778035867e-02 2.035310267494534475e-01
3.733333333333333393e+00 4.271214653921846072e+00 4.197792357694828830e-21 3.704064343778035867e-02 2.035310267494534475e-01
3.766666666666666607e+00 4.271214653921846072e+00 2.869011987361623355e-21 3.704064343778035867e-02 2.035310267494534475e-01
3.799999999999999822e+00 4.271214653921846072e+00 1.960907981652263651e-21 3.704064343778035867e-02 2.035310267494534475e-01
3.833333333333333481e+00 4.271214653921846072e+00 1.340126624145110517e-21 3.704064343778035867e-02 2.035310267494534475e-01
3.866666666666666696e+00 4.271214653921846072e+00 9.159193741936627620e-22 3.704064343778035867e-02 2.035310267494534475e-01
3.899999999999999911e+00 4.271214653921846072e+00 6.260111910713737296e-22 3.704064343778035867e-02 2.035310267494534475e-01
3.933333333333333126e+00 4.271214653921846072e+00 4.278294912444885660e-22 3.704064343778035867e-02 2.035310267494534475e-01
3.966666666666666785e+00 4.271214653921846072e+00 2.924032049077566886e-22 3.704064343778035867e-02 2.035310267494534475e-01
4.000000000000000000e+00 4.271214653921846072e+00 1.998513010367742944e-22 3.704064343778035867e-02 2.035310267494534475e-01
4.033333333333333215e+00 4.271214653921846072e+00 1.365826708317805131e-22 3.704064343778035867e-02 2.035310267494534475e-01
4.066666666666666430e+00 4.271214653921846072e+00 9.334842852909217654e-23 3.704064343778035867e-02 2.035310267494534475e-01
4.099999999999999645e+00 4.271214653921846072e+00 6.380164299896335189e-23 3.704064343778035867e-02 2.035310267494534475e-01
4.133333333333332860e+00 4.271214653921846072e+00 4.360341293275191313e-23 3.704064343778035867e-02 2.035310267494534475e-01
4.166666666666666963e+00 4.271214653921846072e+00 2.980107250055584156e-23 3.704064343778035867e-02 2.035310267494534475e-01
4.200000000000000178e+00 4.271214653921846072e+00 2.036839204073079511e-23 3.704064343778035867e-02 2.035310267494534475e-01
4.233333333333333393e+00 4.271214653921846072e+00 1.392019652131203474e-23 3.704064343778035867e-02 2.035310267494534475e-01
4.266666666666666607e+00 4.271214653921846072e+00 9.513860449258828112e-24 3.704064343778035867e-02 2.035310267494534475e-01
4.299999999999999822e+00 4.271214653921846072e+00 6.502518976378869763e-24 3.704064343778035867e-02 2.035310267494534475e-01
4.333333333333333037e+00 4.271214653921846072e+00 4.443961106686704673e-24 3.704064343778035867e-02 2.035310267494534475e-01
4.366666666666666252e+00 4.271214653921846072e+00 3.037257825076031696e-24 3.704064343778035867e-02 2.035310267494534475e-01
4.400000000000000355e+00 4.271214653921846072e+00 2.075900392805373823e-24 3.704064343778035867e-02 2.035310267494534475e-01
4.433333333333333570e+00 4.271214653921846072e+00 1.418714907329664559e-24 3.704064343778035867e-02 2.035310267494534475e-01
4.466666666666666785e+00 4.271214653921846072e+00 9.696311129625784817e-25 3.704064343778035867e-02 2.035310267494534475e-01
4.500000000000000000e+00 4.271214653921846072e+00 6.627220091942512271e-25 3.704064343778035867e-02 2.035310267494534475e-01
4.533333333333333215e+00 4.271214653921846072e+00 4.529184526954809968e-25 3.704064343778035867e-02 2.035310267494534475e-01
4.566666666666666430e+00 4.271214653921846072e+00 3.095504396968744186e-25 3.704064343778035867e-02 2.035310267494534475e-01
4.599999999999999645e+00 4.271214653921846072e+00 2.115710671825294246e-25 3.704064343778035867e-02 2.035310267494534475e-01
4.633333333333332860e+00 4.271214653921846072e+00 1.445922106917014300e-25 3.704064343778035867e-02 2.035310267494534475e-01
4.666666666666666963e+00 4.271214653921846072e+00 9.882260731481436900e-26 3.704064343778035867e-02 2.035310267494534475e-01
4.700000000000000178e+00 4.271214653921846072e+00 6.754312645082774305e-26 3.704064343778035867e-02 2.035310267494534475e-01
4.733333333333333393e+00 4.271214653921846072e+00 4.616042307017663829e-26 3.704064343778035867e-02 2.035310267494534475e-01
4.766666666666666607e+00 4.271214653921846072e+00 3.154867984054978916e-26 3.704064343778035867e-02 2.035310267494534475e-01
4.799999999999999822e+00 4.271214653921846072e+00 2.156284406703257002e-26 3.704064343778035867e-02 2.035310267494534475e-01
4.833333333333333037e+00 4.271214653921846072e+00 1.473651068632570789e-26 3.704064343778035867e-02 2.035310267494534475e-01
4.866666666666666252e+00 4.271214653921846072e+00 1.007177635488580404e-26 3.704064343778035867e-02 2.035310267494534475e-01
4.900000000000000355e+00 4.271214653921846072e+00 6.883842497247309514e-27 3.704064343778035867e-02 2.035310267494534475e-01
4.933333333333333570e+00 4.271214653921846072e+00 4.704565789573436681e-27 3.704064343778035867e-02 2.035310267494534475e-01
4.966666666666666785e+00 4.271214653921846072e+00 3.215370007731770967e-27 3.704064343778035867e-02 2.035310267494534475e-01
5.000000000000000000e+00 4.271214653921846072e+00 2.197636238503387942e-27 3.704064343778035867e-02 2.035310267494534475e-01
5.033333333333333215e+00 4.271214653921846072e+00 1.501911798493963979e-27 3.704064343778035867e-02 2.035310267494534475e-01
5.066666666666666430e+00 4.271214653921846072e+00 1.026492638670026710e-27 3.704064343778035867e-02 2.035310267494534475e-01
5.099999999999999645e+00 4.271214653921846072e+00 7.015856389385093599e-28 3.704064343778035867e-02 2.035310267494534475e-01
5.133333333333332860e+00 4.271214653921846072e+00 4.794786918390405579e-28 3.704064343778035867e-02 2.035310267494534475e-01
5.166666666666666963e+00 4.271214653921846072e+00 3.277032300201896636e-28 3.704064343778035867e-02 2.035310267494534475e-01
5.200000000000000178e+00 4.271214653921846072e+00 2.239781089066680270e-28 3.704064343778035867e-02 2.035310267494534475e-01
5.233333333333333393e+00 4.271214653921846072e+00 1.530714494407769676e-28 3.704064343778035867e-02 2.035310267494534475e-01
5.266666666666666607e+00 4.271214653921846072e+00 1.046178052526565786e-28 3.704064343778035867e-02 2.035310267494534475e-01
5.299999999999999822e+00 4.271214653921846072e+00 7.150401958812687352e-29 3.704064343778035867e-02 2.035310267494534475e-01
5.333333333333333037e+00 4.271214653921846072e+00 4.886738249833684822e-29 3.704064343778035867e-02 2.035310267494534475e-01
5.366666666666666252e+00 4.271214653921846072e+00 3.339877112352072909e-29 3.704064343778035867e-02 2.035310267494534475e-01
5.400000000000000355e+00 4.271214653921846072e+00 2.282734166395567770e-29 3.704064343778035867e-02 2.035310267494534475e-01
5.433333333333333570e+00 4.271214653921846072e+00 1.560069549849435305e-29 3.704064343778035867e-02 2.035310267494534475e-01
5.466666666666666785e+00 4.271214653921846072e+00 1.066240980555253085e-29 3.704064343778035867e-02 2.035310267494534475e-01
5.500000000000000000e+00 4.271214653921846072e+00 7.287527756404584728e-30 3.704064343778035867e-02 2.035310267494534475e-01
5.533333333333333215e+00 4.271214653921846072e+00 4.980452964613515744e-30 3.704064343778035867e-02 2.035310267494534475e-01
5.566666666666666430e+00 4.271214653921846072e+00 3.403927121782066272e-30 3.704064343778035867e-02 2.035310267494534475e-01
5.599999999999999645e+00 4.271214653921846072e+00 2.326510970141773816e-30 3.704064343778035867e-02 2.035310267494534475e-01
5.633333333333332860e+00 4.271214653921846072e+00 1.589987557613794742e-30 3.704064343778035867e-02 2.035310267494534475e-01
5.666666666666666963e+00 4.271214653921846072e+00 1.086688662479428554e-30 3.704064343778035867e-02 2.035310267494534475e-01
5.700000000000000178e+00 4.271214653921846072e+00 7.427283264112565817e-31 3.704064343778035867e-02 2.035310267494534475e-01
5.733333333333333393e+00 4.271214653921846072e+00 5.075964879758345538e-31 3.704064343778035867e-02 2.035310267494534475e-01
5.766666666666666607e+00 4.271214653921846072e+00 3.469205440988130892e-31 3.704064343778035867e-02 2.035310267494534475e-01
5.799999999999999822e+00 4.271214653921846072e+00 2.371127297199273912e-31 3.704064343778035867e-02 2.035310267494534475e-01
5.833333333333333037e+00 4.271214653921846072e+00 1.620479313637421171e-31 3.704064343778035867e-02 2.035310267494534475e-01
5.866666666666666252e+00 4.271214653921846072e+00 1.107528476861190129e-31 3.704064343778035867e-02 2.035310267494534475e-01
5.900000000000000355e+00 4.271214653921846072e+00 7.569718912821396123e-32 3.704064343778035867e-02 2.035310267494534475e-01
5.933333333333333570e+00 4.271214653921846072e+00 5.173308460817791840e-32 3.704064343778035867e-02 2.035310267494534475e-01
5.966666666666666785e+00 4.271214653921846072e+00 3.535735625703037350e-32 3.704064343778035867e-02 2.035310267494534475e-01
6.000000000000000000e+00 4.271214653921846072e+00 2.416599247404762405e-32 3.704064343778035867e-02 2.035310267494534475e-01
6.033333333333333215e+00 4.271214653921846072e+00 1.651555820894447728e-32 3.704064343778035867e-02 2.035310267494534475e-01
6.066666666666666430e+00 4.271214653921846072e+00 1.128767943763907117e-32 3.704064343778035867e-02 2.035310267494534475e-01
6.099999999999999645e+00 4.271214653921846072e+00 7.714886100546884078e-33 3.704064343778035867e-02 2.035310267494534475e-01
6.133333333333332860e+00 4.271214653921846072e+00 5.272518834299608199e-33 3.704064343778035867e-02 2.035310267494534475e-01
6.166666666666666963e+00 4.271214653921846072e+00 3.603541683396206515e-33 3.704064343778035867e-02 2.035310267494534475e-01
6.200000000000000178e+00 4.271214653921846072e+00 2.462943229347197028e-33 3.704064343778035867e-02 2.035310267494534475e-01
6.233333333333333393e+00 4.271214653921846072e+00 1.683228293366930964e-33 3.704064343778035867e-02 2.035310267494534475e-01
6.266666666666666607e+00 4.271214653921846072e+00 1.150414727465909372e-33 3.704064343778035867e-02 2.035310267494534475e-01
6.299999999999999822e+00 4.271214653921846072e+00 7.862837210982610224e-34 3.704064343778035867e-02 2.035310267494534475e-01
6.333333333333333037e+00 4.271214653921846072e+00 5.373631800344902423e-34 3.704064343778035867e-02 2.035310267494534475e-01
6.366666666666666252e+00 4.271214653921846072e+00 3.672648081936865738e-34 3.704064343778035867e-02 2.035310267494534475e-01
6.400000000000000355e+00 4.271214653921846072e+00 2.510175966288865811e-34 3.704064343778035867e-02 2.035310267494534475e-01
6.433333333333333570e+00 4.271214653921846072e+00 1.715508160091446475e-34 3.704064343778035867e-02 2.035310267494534475e-01
6.466666666666666785e+00 4.271214653921846072e+00 1.172476639226101194e-34 3.704064343778035867e-02 2.035310267494534475e-01
6.500000000000000000e+00 4.271214653921846072e+00 8.013625632403085331e-35 3.704064343778035867e-02 2.035310267494534475e-01
6.533333333333333215e+00 4.271214653921846072e+00 5.476683845646957499e-35 3.704064343778035867e-02 2.035310267494534475e-01
6.566666666666666430e+00 4.271214653921846072e+00 3.743079758423144293e-35 3.704064343778035867e-02 2.035310267494534475e-01
6.599999999999999645e+00 4.271214653921846072e+00 2.558314502200028807e-35 3.704064343778035867e-02 2.035310267494534475e-01
6.633333333333332860e+00 4.271214653921846072e+00 1.748407069283278345e-35 3.704064343778035867e-02 2.035310267494534475e-01
6.666666666666666963e+00 4.271214653921846072e+00 1.194961640102673136e-35 3.704064343778035867e-02 2.035310267494534475e-01
6.700000000000000178e+00 4.271214653921846072e+00 8.167305776928641406e-36 3.704064343778035867e-02 2.035310267494534475e-01
6.733333333333333393e+00 4.271214653921846072e+00 5.581712156617282016e-36 3.704064343778035867e-02 2.035310267494534475e-01
6.766666666666666607e+00 4.271214653921846072e+00 3.814862128180869190e-36 3.704064343778035867e-02 2.035310267494534475e-01
6.799999999999999822e+00 4.271214653921846072e+00 2.607376207909137176e-36 3.704064343778035867e-02 2.035310267494534475e-01
6.833333333333333037e+00 4.271214653921846072e+00 1.781936892539618841e-36 3.704064343778035867e-02 2.035310267494534475e-01
6.866666666666666252e+00 4.271214653921846072e+00 1.217877843825868591e-36 3.704064343778035867e-02 2.035310267494534475e-01
6.899999999999999467e+00 4.271214653921846072e+00 8.323933100160250274e-37 3.704064343778035867e-02 2.035310267494534475e-01
6.933333333333333570e+00 4.271214653921846072e+00 5.688754632804400922e-37 3.704064343778035867e-02 2.035310267494534475e-01
6.966666666666666785e+00 4.271214653921846072e+00 3.888021093934562350e-37 3.704064343778035867e-02 2.035310267494534475e-01
7.000000000000000000e+00 4.271214653921846072e+00 2.657378787371262037e-37 3.704064343778035867e-02 2.035310267494534475e-01
7.033333333333333215e+00 4.271214653921846072e+00 1.816109729123548601e-37 3.704064343778035867e-02 2.035310267494534475e-01
7.066666666666666430e+00 4.271214653921846072e+00 1.241233519725779955e-37 3.704064343778035867e-02 2.035310267494534475e-01
7.099999999999999645e+00 4.271214653921846072e+00 8.483564121190362452e-38 3.704064343778035867e-02 2.035310267494534475e-01
7.133333333333332860e+00 4.271214653921846072e+00 5.797849900569997071e-38 3.704064343778035867e-02 2.035310267494534475e-01
7.166666666666666963e+00 4.271214653921846072e+00 3.962583055154489965e-38 3.704064343778035867e-02 2.035310267494534475e-01
7.200000000000000178e+00 4.271214653921846072e+00 2.708340284056488884e-38 3.704064343778035867e-02 2.035310267494534475e-01
7.233333333333333393e+00 4.271214653921846072e+00 1.850937910329996449e-38 3.704064343778035867e-02 2.035310267494534475e-01
7.266666666666666607e+00 4.271214653921846072e+00 1.265037095716415901e-38 3.704064343778035867e-02 2.035310267494534475e-01
7.299999999999999822e+00 4.271214653921846072e+00 8.646256442998430442e-39 3.704064343778035867e-02 2.035310267494534475e-01
7.333333333333333037e+00 4.271214653921846072e+00 5.909037327027032271e-39 3.704064343778035867e-02 2.035310267494534475e-01
7.366666666666666252e+00 4.271214653921846072e+00 4.038574917582977093e-39 3.704064343778035867e-02 2.035310267494534475e-01
7.399999999999999467e+00 4.271214653921846072e+00 2.760279087460957043e-39 3.704064343778035867e-02 2.035310267494534475e-01
7.433333333333333570e+00 4.271214653921846072e+00 1.886434003935511495e-39 3.704064343778035867e-02 2.035310267494534475e-01
7.466666666666666785e+00 4.271214653921846072e+00 1.289297161336873746e-39 3.704064343778035867e-02 2.035310267494534475e-01
7.500000000000000000e+00 4.271214653921846072e+00 8.812068773236596389e-40 3.704064343778035867e-02 2.035310267494534475e-01
7.533333333333333215e+00 4.271214653921846072e+00 6.022357034245758322e-40 3.704064343778035867e-02 2.035310267494534475e-01
7.566666666666666430e+00 4.271214653921846072e+00 4.116024102943198020e-40 3.704064343778035867e-02 2.035310267494534475e-01
7.599999999999999645e+00 4.271214653921846072e+00 2.813213939742626441e-40 3.704064343778035867e-02 2.035310267494534475e-01
7.633333333333332860e+00 4.271214653921846072e+00 1.922610818733376763e-40 3.704064343778035867e-02 2.035310267494534475e-01
7.666666666666666963e+00 4.271214653921846072e+00 1.314022470850891160e-40 3.704064343778035867e-02 2.035310267494534475e-01
7.700000000000000178e+00 4.271214653921846072e+00 8.981060945414462889e-41 3.704064343778035867e-02 2.035310267494534475e-01
7.733333333333333393e+00 4.271214653921846072e+00 6.137849913731546093e-41 3.704064343778035867e-02 2.035310267494534475e-01
7.766666666666666607e+00 4.271214653921846072e+00 4.194958558834578809e-41 3.704064343778035867e-02 2.035310267494534475e-01
7.799999999999999822e+00 4.271214653921846072e+00 2.867163942484554372e-41 3.704064343778035867e-02 2.035310267494534475e-01
7.833333333333333037e+00 4.271214653921846072e+00 1.959481409155596398e-41 3.704064343778035867e-02 2.035310267494534475e-01
7.866666666666666252e+00 4.271214653921846072e+00 1.339221946405845187e-41 3.704064343778035867e-02 2.035310267494534475e-01
7.899999999999999467e+00 4.271214653921846072e+00 9.153293940490238256e-42 3.704064343778035867e-02 2.035310267494534475e-01
7.933333333333333570e+00 4.271214653921846072e+00 6.255557641180691202e-42 3.704064343778035867e-02 2.035310267494534475e-01
7.966666666666666785e+00 4.271214653921846072e+00 4.275431326671719293e-42 3.704064343778035867e-02 2.035310267494534475e-01
8.000000000000000000e+00 4.271214653921846072e+00 2.922135268113890224e-42 3.704064343778035867e-02 2.035310267494534475e-01
